-1.82046
-0.303762
-1.34887
-0.506146
-0.757948
-1.45434
-0.865145
-1.24885
-1.86859
-0.29371
-1.16958
-1.42331
-1.29925
-0.306031
-1.41843
-0.678254
-1.92574
-1.69816
-0.981704
-1.58317
-1.2732
-1.83248
-1.0301
-1.4407
-1.54107
-0.265797
-1.60457
-1.61874
-1.31884
-0.410746
-0.705785
-0.797402
-1.04763
-1.12265
-1.49568
-1.68231
-1.29998
-0.710136
-0.661773
-0.460796
-1.29774
-0.0304933
-0.453973
-0.338657
-0.584386
-1.46014
-0.95581
-1.31034
-0.372508
-0.918625
-1.4557
-1.57972
-0.297323
-0.407745
-0.881087
-1.58864
-0.975957
-1.53565
-1.96539
-0.825751
-1.16188
-1.29188
-0.352021
-0.669675
-1.19066
-0.533141
-1.72634
-1.69163
-1.78822
-0.611575
-1.02624
-1.17191
-1.09486
-0.013063
-1.1846
-0.564913
-0.151724
-1.52612
-0.505939
-1.98355
-0.168821
-1.17444
-0.155812
-0.458667
-0.995211
-1.85394
-1.57849
-1.06698
-1.80035
-0.778503
-1.36024
-0.888531
-1.74077
-0.252725
-0.235016
-1.66531
-1.95731
-0.609221
-0.0527987
-1.8214
-1.46142
-0.66899
-0.557431
-1.30563
-0.376927
-0.435159
-0.0849344
-1.17804
-0.64796
-0.223772
-0.380806
-0.373049
-1.04333
-0.31839
-1.19943
-0.58141
-0.797794
-1.19704
-1.72832
-1.09083
-0.700783
-1.82825
-0.380733
-0.708176
-0.30703
-0.895176
-1.07901
-0.223249
-0.453284
-0.659934
-1.18049
-0.198232
-1.90613
-1.19379
-0.846023
-0.665592
-0.20675
-0.0390789
-1.72231
-1.26307
-0.13259
-0.657638
-0.855207
-0.73949
-0.8261
-0.931634
-1.3812
-1.4071
-1.0662
-0.53402
-0.121324
-0.923579
-1.43559
-0.699593
-1.41008
-0.556429
-0.540917
-1.57649
-0.677901
-0.920175
-0.429561
-0.205175
-1.25349
-0.540077
-0.612844
-1.61621
-0.529712
-1.18726
-0.484425
-0.498693
-1.56059
-1.85449
-0.500895
-0.15183
-1.85226
-1.64824
-1.9309
-0.0247337
-1.46419
-0.814019
-0.0626087
-1.30563
-0.681432
-1.99894
-1.98465
-0.301481
-1.65333
-1.4284
-1.43756
-0.108403
-1.72155
-1.32264
-0.851636
-0.607764
-1.39106
-1.19663
-1.26493
-0.00300161
-0.673573
-0.426435
-0.19015
-1.06706
-1.11845
-0.547319
-1.13553
-0.78027
-1.31428
-0.768667
-1.2661
-0.269065
-1.37615
-0.13343
-0.641353
-0.310146
-1.54031
-1.40169
-0.81114
-1.82017
-1.27216
-1.01934
-1.18228
-1.69287
-1.76913
-0.541486
-1.70219
-1.90487
-0.579292
-1.04539
-0.0915665
-0.79133
-0.392507
-1.17317
-1.96435
-1.59962
-0.464656
-0.0537195
-0.370791
-1.40959
-1.8123
-0.950963
-0.304234
-0.14996
-1.76919
-1.23555
-1.35433
-0.858471
-0.684218
-0.970669
-0.903479
-0.850461
-1.67918
-1.35105
-1.95451
-1.22612
-0.944421
-1.13403
-1.98874
-0.422673
-1.31943
-0.608339
-1.68248
-1.64601
-1.90055
-1.25561
-1.0566
-0.350864
-0.199138
-0.846532
-0.166196
-1.86505
-1.4565
-1.44485
-1.81512
-1.79624
-1.57679
-0.158
-1.16795
-0.34903
-1.17077
-0.730733
-1.51367
-1.70682
-0.185576
-0.451892
-0.645998
-1.88569
-1.44438
-0.492848
-0.674606
-1.8955
-0.0970088
-1.44539
-0.643055
-0.856217
-1.76343
-1.198
-1.74504
-1.18072
-1.53394
-1.87596
-1.70461
-0.639931
-1.89515
-0.250035
-1.98554
-0.638133
-0.613885
-1.44198
-0.500287
-1.4635
-0.331103
-1.34651
-0.265762
-0.640223
-0.135416
-0.674942
-1.19079
-1.57948
-0.443748
-1.52748
-1.56795
-1.78051
-1.02923
-0.801121
-0.981278
-0.61029
-1.55342
-0.679447
-0.160346
-1.34472
-0.277769
-0.749479
-1.89577
-0.706355
-1.44639
-0.908446
-1.07596
-0.837784
-0.665173
-1.20643
-0.478518
-1.683
-0.281269
-1.61082
-0.519334
-1.73892
-0.0747559
-0.441816
-1.81879
-1.72136
-0.4343
-1.72248
-0.513155
-0.741355
-1.11666
-0.269172
-0.912548
-1.53702
-1.57289
-0.692609
-0.229807
-1.74609
-0.230187
-0.708032
-1.92751
-0.694072
-0.238543
-0.441376
-0.668978
-1.83409
-0.811415
-1.79381
-1.00663
-1.06213
-0.168737
-0.11002
-0.365142
-0.323082
-1.55189
-0.769516
-1.89348
-0.823832
-1.67331
-1.62002
-0.580338
-0.960858
-0.200433
-0.164473
-1.5007
-1.75194
-1.59166
-1.45282
-1.2843
-1.84641
-0.306083
-1.90736
-1.41013
-0.0147058
-0.77586
-0.561041
-1.5553
-1.44361
-0.7837
-1.54075
-1.9548
-0.479557
-1.56636
-0.18073
-1.40009
-0.417996
-0.0664963
-1.71586
-1.02246
-0.822701
-1.75313
-1.7841
-1.55709
-0.993672
-1.98984
-1.26861
-1.65318
-0.921206
-0.435689
-1.70287
-0.567525
-0.174588
-0.427645
-0.0317447
-0.425031
-1.6973
-0.800278
-1.14577
-1.63589
-1.40089
-0.283045
-0.566999
-1.05684
-1.10155
-0.425505
-0.0899624
-1.09891
-1.16929
-1.38774
-0.665285
-1.79106
-0.986433
-1.02677
-1.95462
-0.395668
-0.708976
-1.3365
-0.884761
-1.4265
-0.770987
-0.837559
-1.15272
-1.21998
-1.6514
-0.774325
-0.455058
-0.456798
-1.1738
-0.362417
-1.201
-0.411039
-1.31032
-0.737587
-0.581822
-1.37648
-1.87836
-1.10356
-0.529261
-0.146214
-0.431389
-0.0890159
-1.96562
-1.24776
-1.70177
-0.447724
-1.40772
-1.58608
-0.0268184
-0.789368
-0.385511
-1.34081
-1.59216
-0.43453
-0.116731
-0.402133
-1.59181
-1.50761
-1.53002
-1.84881
-1.84253
-0.948075
-1.0216
-1.77315
-0.0808056
-0.558479
-0.495431
-1.45213
-1.74403
-1.58863
-1.0493
-1.41163
-1.33709
-0.930529
-0.875293
-0.293041
-0.876373
-0.83786
-0.473976
-0.166405
-1.20241
-0.893139
-0.116718
-0.617721
-1.46689
-0.935972
-1.48299
-0.471433
-0.66206
-0.600369
-1.43543
-0.498474
-1.09267
-1.50252
-0.16564
-0.720583
-1.08348
-0.557934
-0.868071
-0.231394
-1.02737
-0.530669
-1.10955
-1.00307
-0.599211
-1.70457
-0.644807
-0.174909
-1.8385
-1.43647
-0.39312
-1.93929
-1.12242
-1.26048
-0.509683
-0.350316
-1.90838
-1.14087
-1.50986
-0.793216
-1.93803
-0.678585
-1.42944
-0.28719
-1.86935
-0.775162
-0.48274
-0.719877
-0.194798
-0.155333
-1.87687
-0.350277
-0.933843
-0.907013
-0.0874183
-0.136777
-1.19923
-0.668263
-0.761845
-0.492948
-1.44132
-1.56631
-0.940559
-0.278242
-1.95879
-1.66944
-0.892632
-1.12056
-1.98728
-0.380006
-0.942924
-1.69264
-1.74813
-1.32263
-1.99646
-0.00317659
-0.508533
-0.870443
-0.115349
-1.28182
-0.728542
-1.58052
-0.246325
-0.206262
-1.29247
-1.77768
-0.81147
-0.697895
-1.05804
-1.1894
-0.172894
-1.96552
-1.72023
-0.466069
-1.66691
-0.881524
-1.71015
-0.78481
-1.91594
-0.83755
-0.178843
-1.09939
-1.21567
-0.0579164
-1.46696
-0.999527
-0.967446
-0.997898
-1.70126
-0.594936
-1.98997
-0.601233
-0.168828
-0.950098
-0.265728
-1.90141
-1.9189
-1.49135
-1.34752
-1.70031
-1.94544
-0.870329
-1.21434
-1.62751
-1.68848
-0.809362
-0.0894981
-0.92433
-0.782022
-0.396026
-1.12311
-0.339131
-1.80383
-0.533337
-1.05915
-0.426953
-1.24541
-0.686344
-0.803339
-0.340937
-1.34668
-0.962187
-1.01889
-0.921678
-1.00081
-0.178213
-0.992163
-1.37267
-1.35095
-1.10431
-1.35992
-0.117441
-0.433953
-0.0680291
-1.04075
-0.664486
-0.769785
-1.6681
-1.27611
-0.616506
-0.384651
-0.253767
-0.344701
-0.202534
-0.675843
-1.13731
-1.80758
-1.89607
-1.13559
-0.0343893
-1.40892
-1.03696
-1.26783
-0.707598
-0.767878
-1.0082
-1.00799
-0.477108
-0.921795
-0.844742
-1.70939
-1.65361
-1.67932
-0.590917
-1.9763
-1.14016
-1.13084
-1.92711
-0.505395
-0.602015
-0.659495
-1.18533
-1.20114
-1.02003
-1.29035
-0.739128
-0.165381
-1.69477
-1.24776
-1.58612
-0.409627
-1.15649
-0.791686
-0.773114
-1.07052
-1.17183
-0.2855
-0.892705
-1.311
-1.45794
-0.141283
-1.84973
-1.37583
-0.183255
-0.248687
-1.20077
-1.56248
-0.557202
-1.32559
-0.111278
-0.1097
-0.272845
-1.07488
-1.7187
-0.363238
-1.24298
-1.80727
-0.252926
-1.77766
-0.346461
-1.10142
-0.423846
-1.06159
-0.273706
-1.88906
-0.748059
-0.615291
-0.34369
-1.05374
-0.94221
-1.32005
-1.78197
-1.14959
-0.893674
-1.13219
-1.00404
-0.491524
-0.679219
-1.4984
-0.574834
-0.487749
-0.0189691
-1.36038
-0.228794
-1.76547
-0.0685111
-0.606341
-0.417235
-0.019846
-1.82429
-0.673367
-1.32113
-0.705153
-1.8596
-1.55608
-1.15715
-1.72521
-1.36074
-0.969616
-0.621984
-1.27432
-0.43406
-0.284942
-0.275775
-1.17401
-0.783396
-0.415617
-0.728148
-0.980911
-1.13238
-0.7543
-0.804772
-1.75203
-0.11684
-0.645806
-1.12419
-1.1426
-1.01781
-0.866484
-0.681205
-0.625023
-0.184278
-1.44405
-0.206849
-0.89512
-1.78674
-1.30618
-1.09031
-1.61758
-0.619445
-0.544618
-1.14621
-0.729257
-0.187108
-1.6182
-1.73027
-1.3695
-0.148206
-0.834356
-1.22675
-1.63555
-1.42258
-0.828351
-1.93368
-1.10606
-1.53679
-1.77809
-1.87845
-1.03292
-0.433292
-1.58736
-0.0257292
-0.213483
-0.722936
-0.297623
-1.99686
-1.38448
-0.055388
-1.99786
-0.842147
-1.08284
-1.55899
-1.78602
-1.47444
-0.500061
-1.47426
-0.0793969
-1.58624
-0.742904
-0.123607
-1.38401
-1.64105
-1.59164
-0.539722
-1.37152
-0.0866736
-1.92116
-0.103134
-1.08592
-1.29862
-1.67932
-1.61307
-1.90334
-1.20383
-1.49654
-0.803263
-1.636
-0.370817
-1.87884
-1.77285
-0.733007
-0.23288
-0.759922
-1.041
-0.892029
-0.964707
-0.975754
-1.09856
-1.73886
-1.01803
-1.75917
-0.875532
-0.647001
-1.79514
-1.65926
-1.2483
-1.49968
-1.16496
-0.920776
-0.499558
-0.0348712
-0.381626
-1.42483
-1.96751
-0.945948
-1.21406
-1.79411
-0.0371515
-0.997599
-0.742415
-0.677479
-1.47189
-1.76617
-1.43956
-1.88035
-1.70934
-1.49853
-0.404618
-0.59327
-0.334067
-0.958165
-0.351656
-1.64222
-1.02321
-1.24669
-1.65373
-1.8928
-0.0337295
-0.329194
-0.658907
-1.16512
-0.99829
-1.93523
-1.29807
-1.2207
-1.53149
-1.59949
-1.97396
-1.47463
-0.863225
-0.803428
-0.151751
-0.94573
-1.76464
-1.80834
-1.27329
-0.701792
-0.733068
-1.64978
-1.79255
-0.479471
-0.958403
-0.87684
-1.69733
-1.22942
-1.0923
-0.247911
-0.794041
-1.98546
-0.74984
-0.0673605
-1.84103
-1.68834
-1.38734
-0.730981
-0.901058
-0.527603
-0.358256
-0.324397
-1.03468
-0.264734
-0.0237445
-0.429198
-0.243067
-1.57191
-1.46782
-1.1263
-0.919879
-1.76829
-1.34427
-0.271753
-0.0505267
-0.557499
-1.06771
-1.00613
-1.23071
-1.5728
-0.396463
-0.82275
-1.92277
-0.322695
-1.98343
-1.25953
-0.591528
-0.197338
-1.85023
-0.172042
-0.271739
-1.9568
-0.535561
-0.166355
-1.98889
-1.27728
-1.96571
-1.30717
-0.729466
-1.7472
-1.04038
-0.97007
-0.0915159
-1.00573
-1.79999
-0.706992
-0.265937
-1.95611
-1.45185
-1.98084
-0.207666
-0.311221
-0.992749
-1.15665
-0.194695
-1.58304
-0.520407
-0.713056
-1.03893
-0.466421
-1.44008
-1.94607
-1.70338
-1.0131
-1.07778
-1.90465
-1.99952
-0.850921
-0.12596
-0.675175
-0.100927
-0.346607
-1.73794
-1.77082
-1.39879
-0.681138
-1.34409
-1.62803
-1.72566
-1.04382
-1.82485
-1.48789
-0.514642
-0.618605
-1.50391
-1.29692
-0.688952
-0.952617
-0.55543
-1.77574
-0.970191
-0.960274
-1.16067
-0.340628
-1.26785
-0.454845
-1.18637
-1.42021
-1.63959
-0.0849622
-1.50383
-1.7068
-1.83188
-1.6789
-1.96983
-0.947394
-0.892258
-1.88755
-1.7809
-1.60436
-1.37587
-1.18515
-0.79518
-1.75241
-0.521136
-1.86777
-1.55648
-0.0850689
-0.502211
-0.880215
-1.74795
-0.712932
-1.7154
-0.0935548
-1.48268
-0.904835
-0.780631
-1.1265
-1.92448
-0.959791
-1.29836
-0.542403
-0.640215
-0.398802
-0.379182
-0.993314
-1.59145
-1.3326
-1.47944
-1.74705
-1.05299
-0.693866
-1.44861
-0.0325937
-0.488596
-0.292131
-0.289987
-1.35998
-0.197603
-1.6782
-1.04098
-0.358777
-0.639958
-1.16371
-0.256856
-1.74162
-1.43759
-0.16356
-0.59961
-1.53039
-0.97324
-1.92246
-1.42094
-0.466398
-0.761068
-0.532119
-1.00776
-1.56765
-0.919631
-0.138557
-0.263915
-0.770128
-1.99074
-0.524209
-1.74462
-1.01985
-1.50115
-1.29153
-0.224612
-0.791141
-1.00923
-0.522476
-1.08704
-0.320892
-0.465632
-0.0829295
-1.92
-0.242028
-0.143498
-1.45756
-0.594906
-0.0992341
-0.751235
-1.03515
-0.563431
-1.24488
-1.47731
-0.755468
-1.172
-0.240368
-0.0433394
-0.364346
-1.74843
-1.94554
-1.35527
-1.64541
-1.07995
-1.73134
-1.55158
-1.02292
-1.85981
-0.125102
-1.53733
-0.44686
-1.76049
-0.636958
-1.78535
-0.0704239
-1.2035
-1.57555
-0.0771257
-1.26278
-0.81138
-1.94302
-0.93693
-0.929281
-0.652823
-0.613088
-0.11363
-0.800601
-0.319883
-0.716757
-1.37725
-1.18198
-0.368289
-1.21323
-0.676131
-0.970434
-1.61741
-1.62493
-1.4932
-1.69116
-1.45415
-1.45467
-0.290948
-0.864647
-0.7401
-1.45385
-1.39852
-0.591432
-0.685185
-1.37525
-0.97387
-0.342696
-0.265035
-0.790725
-1.70963
-0.202587
-1.59028
-1.68338
-1.13861
-1.23612
-1.36667
-0.517125
-1.21563
-1.04748
-1.77612
-0.0109583
-0.811329
-1.96707
-0.920485
-1.55935
-0.142014
-0.655881
-0.67776
-0.406779
-1.84774
-0.245528
-1.10874
-0.762796
-0.160939
-1.93081
-0.0750197
-1.18858
-0.689356
-0.187394
-1.77064
-0.218725
-1.56209
-0.911687
-1.25246
-0.499357
-0.65362
-0.235067
-1.38539
-1.40035
-1.79304
-0.151164
-1.28628
-0.13171
-0.167755
-0.65341
-1.55335
-0.615156
-1.75859
-1.27898
-1.06201
-0.121596
-1.84521
-0.421581
-1.40442
-1.70362
-1.59574
-1.29171
-0.522817
-1.80759
-1.75785
-1.45085
-0.870963
-1.17752
-1.03748
-0.598371
-0.554258
-0.577452
-0.166134
-1.79315
-0.406766
-0.129424
-1.69812
-0.49966
-1.21102
-1.57071
-1.07989
-1.02737
-0.990779
-0.981179
-0.273623
-1.15026
-1.5697
-1.40104
-0.337657
-1.43376
-0.0873483
-0.177243
-0.0589118
-1.86216
-0.82871
-0.191523
-0.536838
-1.55632
-0.85183
-1.65444
-1.18484
-1.40166
-0.0501508
-1.07774
-0.154776
-0.37355
-1.34143
-0.814007
-0.0797953
-0.363741
-0.471507
-0.307658
-1.70384
-0.654309
-0.805617
-0.0104537
-0.894948
-0.803818
-0.712264
-0.397436
-1.93908
-1.44791
-1.83927
-0.0771431
-0.973911
-0.308249
-0.997894
-0.595472
-0.466972
-1.93732
-0.00368797
-1.0894
-1.91796
-1.41989
-0.769992
-0.888642
-0.540701
-0.0576045
-0.100233
-0.211902
-1.48305
-1.042
-1.47496
-0.478826
-0.523941
-1.26147
-1.31644
-1.22627
-0.531183
-1.40182
-1.79243
-1.23124
-1.50788
-0.890523
-1.59114
-0.259373
-0.716153
-1.991
-0.871436
-0.835821
-0.36485
-0.940389
-1.36822
-0.681202
-0.371928
-1.46501
-1.0664
-0.244735
-0.814961
-0.900889
-0.416872
-1.55692
-1.43928
-0.0307729
-0.399351
-0.154881
-0.417689
-1.21147
-1.52683
-0.442492
-0.616307
-0.687912
-1.98161
-0.266018
-1.29469
-1.75426
-1.10417
-1.47327
-1.98872
-1.73057
-0.594285
-0.803959
-0.0837928
-0.0325902
-0.643147
-0.537647
-1.13702
-1.28005
-0.0701499
-0.131509
-0.194591
-1.1239
-0.478602
-1.12637
-0.127441
-0.473494
-0.0501858
-0.188008
-0.633095
-0.858272
-1.3708
-1.39087
-1.02842
-0.552901
-1.28122
-0.803296
-1.0617
-0.468276
-0.00712812
-0.277166
-1.49384
-1.75074
-1.36071
-0.88888
-1.00382
-0.963733
-0.376789
-1.6354
-0.473943
-1.39493
-1.17066
-0.725162
-1.80688
-1.93413
-1.04567
-1.288
-1.39038
-1.11834
-1.85702
-1.65689
-0.384439
-0.478363
-0.314944
-0.709811
-0.581865
-1.67498
-1.24259
-1.61016
-0.856806
-1.30398
-0.055991
-0.59984
-1.57598
-0.727876
-0.0689033
-0.438315
-0.0905525
-1.15402
-1.64307
-1.41458
-1.66623
-0.993824
-1.46099
-1.08597
-0.305402
-1.6733
-0.304505
-1.71557
-0.371744
-0.150835
-1.70859
-0.704255
-1.4933
-1.60216
-1.62602
-1.98145
-0.382028
-1.53849
-0.261872
-0.292707
-1.7911
-1.57207
-0.963381
-1.00018
-1.03688
-1.27529
-1.4923
-0.21296
-0.742588
-0.724801
-1.91886
-0.262425
-1.90274
-0.518144
-1.07829
-1.69022
-0.621669
-0.858217
-1.09247
-1.43906
-0.498844
-0.262409
-1.09428
-1.74106
-1.4291
-1.71265
-1.83338
-1.25258
-1.11929
-1.75972
-0.0207134
-1.2592
-1.53858
-1.94145
-1.0807
-0.752345
-0.201997
-0.86838
-0.942134
-0.217579
-0.711861
-1.15323
-0.601103
-0.669213
-0.497351
-1.89613
-0.0034135
-1.87159
-0.462271
-1.89439
-0.602813
-1.58237
-1.07661
-0.430929
-0.687486
-1.62288
-0.490204
-0.795924
-1.867
-0.652091
-0.519066
-0.284811
-0.960873
-0.160836
-1.33537
-0.46638
-1.68802
-0.376611
-0.316876
-1.50558
-1.27886
-0.449054
-1.74203
-0.571356
-0.675104
-0.861927
-0.908802
-0.73779
-0.641803
-0.427945
-0.239762
-1.96208
-0.314174
-0.979583
-0.781637
-0.260437
-0.65306
-0.44044
-1.00901
-0.29676
-0.691914
-0.587414
-1.7631
-0.76569
-0.81531
-0.967211
-1.65966
-1.16099
-0.374036
-1.73404
-1.98484
-1.91308
-0.184173
-0.352884
-1.44787
-0.996228
-1.05509
-1.32224
-0.177778
-1.21071
-1.61842
-1.3882
-1.13395
-1.73667
-1.12742
-1.72838
-1.59242
-0.711606
-1.71797
-1.82313
-1.1943
-1.15291
-1.15002
-0.0817003
-1.13569
-1.06022
-1.63639
-0.00229457
-1.99463
-1.17288
-0.899952
-0.833613
-1.14191
-1.33362
-0.958813
-1.95802
-0.502395
-1.20217
-1.41738
-1.21811
-1.77174
-0.997135
-0.891773
-1.48179
-0.86196
-1.43628
-1.75507
-1.45657
-0.739357
-1.09647
-0.820899
-0.599514
-1.37835
-0.843288
-1.13795
-0.291131
-1.98795
-0.466421
-1.06759
-1.46582
-0.235555
-0.0747491
-0.898931
-0.798365
-0.191786
-0.952038
-1.78572
-1.74793
-0.562242
-0.323366
-1.71203
-0.379229
-1.81993
-0.800159
-1.28788
-0.888134
-0.0380522
-1.25609
-0.707776
-1.29125
-0.57752
-0.69848
-0.251565
-1.08168
-0.789321
-1.66299
-1.60682
-0.0967262
-1.31863
-1.53794
-0.704729
-0.324001
-1.73511
-0.144544
-0.460346
-1.86382
-1.95843
-0.997561
-0.885383
-0.810799
-0.575207
-1.85562
-1.85887
-0.942805
-0.934968
-0.517946
-0.965037
-0.834096
-1.57785
-1.13319
-0.317782
-0.492152
-1.72821
-1.77485
-1.86615
-0.257846
-1.77846
-0.693722
-0.446182
-0.505921
-1.18473
-0.627393
-0.501105
-1.26461
-1.66636
-1.55753
-0.011509
-0.729968
-0.544486
-0.249944
-1.44666
-0.618963
-1.79116
-0.65167
-0.469348
-0.0508948
-0.248067
-1.16615
-1.99616
-0.235555
-0.622392
-1.92799
-0.76925
-0.806601
-1.18794
-1.93389
-0.919263
-1.70716
-0.681888
-0.511818
-1.15622
-1.52643
-0.319998
-0.508577
-1.07086
-1.06154
-0.557727
-0.777802
-0.551171
-0.00214261
-0.655356
-1.89067
-1.52102
-1.38745
-0.954298
-1.92665
-0.743283
-1.09882
-0.776189
-1.49739
-1.18678
-0.586343
-1.83931
-0.882849
-0.197589
-1.50659
-1.6913
-1.48379
-0.386154
-1.27171
-1.12287
-1.43298
-1.37128
-0.591088
-0.232139
-1.50103
-0.969846
-0.831157
-0.845892
-0.136098
-1.00358
-0.729902
-0.590679
-0.689749
-1.5709
-0.694253
-0.845442
-1.19038
-1.67438
-1.39442
-1.14243
-0.859999
-1.26053
-0.568106
-0.713972
-0.417691
-1.48795
-1.63481
-1.59184
-0.89163
-0.859122
-0.798284
-1.02799
-0.939593
-1.85985
-1.0105
-1.04045
-0.438435
-1.53354
-0.533839
-1.33651
-1.95492
-1.89747
-0.870679
-0.708376
-0.569089
-1.68667
-1.57902
-0.943615
-1.1943
-0.561513
-1.54883
-1.41591
-1.14214
-1.56832
-0.0784668
-0.206223
-0.214624
-0.886118
-1.56319
-1.35054
-0.930535
-1.97669
-0.880117
-1.29951
-1.75908
-1.00087
-1.01179
-0.537359
-0.877291
-0.288258
-1.55897
-0.685453
-1.65824
-0.00153323
-1.76872
-0.805825
-0.787874
-0.168578
-1.25955
-1.12766
-0.683223
-1.94881
-1.84006
-0.580706
-0.556314
-1.48548
-0.88174
-0.275614
-0.182471
-1.83586
-1.89949
-1.77614
-0.188274
-0.277469
-1.34916
-0.0230972
-1.73063
-1.62582
-1.11951
-0.213693
-1.82851
-0.261515
-1.30758
-1.00877
-0.817482
-0.381305
-1.79218
-1.94263
-0.00828113
-1.1849
-1.39988
-0.175492
-0.285984
-1.81444
-0.562229
-0.6236
-0.366845
-1.59651
-0.51005
-1.68752
-1.7933
-1.82547
-0.967312
-0.344956
-0.389238
-0.397806
-1.16005
-1.29348
-0.751644
-0.408196
-1.95599
-1.31363
-1.36406
-0.317128
-1.21209
-1.73307
-0.367271
-0.32694
-1.02172
-0.258986
-1.68785
-0.299191
-0.855143
-1.96832
-0.716361
-1.21445
-1.08011
-0.940517
-1.4735
-1.87103
-1.30745
-1.87021
-0.114041
-0.846618
-0.82582
-0.762034
-1.30122
-0.748921
-0.00618823
-1.59785
-1.83764
-0.645056
-0.570104
-1.08542
-1.47932
-0.680992
-0.346374
-1.28101
-0.060419
-0.299215
-1.04523
-1.82826
-1.47269
-0.741823
-1.54087
-1.74812
-0.455356
-1.41602
-0.159693
-0.578548
-0.142629
-0.130111
-1.49893
-1.31993
-0.458116
-0.789272
-1.09299
-1.94744
-1.15774
-1.12177
-1.05836
-1.82057
-0.430722
-1.54563
-0.137054
-1.6315
-1.84326
-1.15059
-1.90186
-0.324885
-1.14009
-1.47094
-0.36298
-1.18212
-0.114865
-0.207648
-0.363451
-1.8984
-1.38561
-1.36369
-1.1014
-1.80964
-1.99939
-1.78515
-0.285385
-1.29745
-0.0152786
-1.32137
-0.550373
-0.146446
-0.903176
-0.402343
-1.8577
-1.20552
-1.55706
-1.82901
-0.109529
-1.55029
-0.525232
-0.508521
-1.9348
-0.387785
-1.87511
-0.499676
-1.26063
-0.441549
-1.53896
-1.66071
-1.93871
-0.165653
-0.492372
-0.180428
-1.53102
-1.36113
-1.41342
-1.89394
-0.728715
-1.16994
-0.956797
-1.88085
-1.41829
-0.62895
-1.78824
-1.1827
-0.140022
-0.407448
-0.34732
-0.592348
-1.77154
-0.532994
-1.99012
-1.56168
-1.32145
-1.2735
-0.689336
-1.07032
-0.342327
-1.58108
-0.553635
-0.891902
-1.16985
-0.122342
-1.22561
-0.0516677
-1.64501
-1.31486
-0.816028
-0.0233803
-1.61529
-1.49535
-0.933237
-1.66671
-1.45244
-1.20707
-0.299314
-0.281599
-0.432374
-1.22803
-0.0430428
-0.69449
-1.67145
-0.503305
-1.19783
-1.18594
-1.32769
-0.763465
-1.32383
-1.50533
-1.56361
-1.67102
-1.28992
-0.611125
-1.59265
-0.960583
-1.22671
-0.746047
-1.48546
-1.87537
-1.97473
-1.42777
-0.602946
-1.894
-0.725216
-0.255283
-0.844972
-1.17984
-1.65333
-0.0546886
-0.600479
-1.68659
-1.51034
-0.511882
-1.05729
-1.74395
-0.681864
-0.636838
-1.21692
-1.71174
-1.92586
-1.57474
-1.57782
-0.361007
-1.23905
-0.641434
-0.225078
-1.62923
-0.561118
-0.145707
-1.33385
-0.25177
-1.37935
-1.51147
-1.4819
-1.48966
-0.567509
-0.953256
-1.22124
-0.738592
-1.86651
-1.33892
-1.2991
-1.17905
-0.117196
-0.751775
-0.872927
-1.94618
-1.59865
-0.76927
-0.752015
-1.47213
-1.11944
-0.0334087
-0.749256
-1.2683
-1.69666
-0.834577
-0.770871
-0.930029
-1.24924
-1.8604
-0.441512
-0.19797
-0.77628
-0.765489
-0.283538
-0.0993349
-0.505375
-0.986985
-0.92711
-1.99912
-0.138226
-0.279956
-1.9498
-1.63544
-0.461566
-1.60293
-1.48174
-1.94893
-0.863177
-0.54776
-0.555217
-1.2064
-1.0738
-1.27776
-0.0597746
-1.27177
-0.349771
-1.64751
-1.06426
-1.32619
-1.41658
-1.56276
-1.44226
-0.213023
-1.85349
-1.98517
-0.902897
-1.59862
-1.37963
-1.89309
-1.24742
-0.900634
-0.96874
-1.28692
-0.0266862
-0.277743
-0.572942
-0.15105
-1.99534
-1.87528
-1.13917
-0.804354
-1.70197
-1.88057
-0.633782
-1.88828
-0.191922
-0.709104
-1.30596
-0.890243
-1.40495
-0.988187
-0.721273
-1.48561
-1.90525
-1.15313
-0.0462394
-0.00920298
-1.98263
-1.22781
-1.5796
-0.608128
-1.1245
-1.53797
-0.304858
-0.239146
-1.22719
-0.158929
-0.711587
-1.88463
-0.954586
-0.514688
-1.6579
-0.19534
-1.87156
-0.417071
-0.502871
-1.15912
-0.0724793
-0.284376
-1.39601
-0.111562
-1.52794
-1.1791
-1.0686
-0.222337
-1.03484
-1.09452
-1.37245
-0.641252
-1.50294
-1.2861
-0.334801
-0.816877
-1.37596
-0.928924
-0.921543
-0.759518
-0.217331
-1.6685
-0.837995
-1.59685
-0.472978
-1.02631
-0.159119
-1.91158
-0.833474
-1.17117
-0.893734
-1.86697
-1.45643
-1.90526
-0.869522
-1.93259
-0.754849
-1.184
-1.99968
-1.73275
-1.0883
-1.69848
-1.45109
-1.29193
-0.882892
-1.5473
-0.545789
-1.20298
-1.87919
-1.85902
-0.148451
-1.79678
-0.804395
-1.49349
-1.98503
-0.765857
-1.91812
-1.95374
-0.430159
-0.801073
-0.255706
-0.0527028
-0.0762971
-0.288099
-0.3126
-1.74331
-0.619935
-1.17947
-0.198775
-1.04661
-1.88627
-1.26778
-1.03488
-1.80239
-0.714267
-1.69125
-0.945455
-0.0935407
-0.493511
-1.0118
-1.14822
-0.841998
-0.994353
-0.888375
-0.151446
-1.30206
-1.7039
-0.570054
-1.77096
-0.512838
-0.469445
-0.11671
-0.315998
-0.768901
-0.890207
-0.791731
-1.96666
-0.686181
-1.07548
-0.0397138
-1.95265
-1.61275
-1.65797
-1.3265
-1.25449
-0.0482904
-0.389147
-1.78578
-1.35904
-0.881987
-0.769566
-1.78431
-1.94928
-1.42544
-1.15795
-0.909752
-1.74948
-0.896481
-0.78831
-1.92372
-0.387451
-1.82646
-0.778556
-1.65085
-0.325965
-1.73621
-0.942533
-1.58893
-0.869835
-0.212124
-1.1838
-1.67965
-0.526317
-0.916313
-1.79246
-0.6457
-0.308423
-1.94257
-0.486198
-0.0427489
-0.103232
-0.420326
-0.992502
-0.871229
-1.29276
-1.78186
-1.44079
-1.86479
-0.103274
-0.590473
-1.65988
-0.248731
-0.679865
-0.154497
-0.592314
-0.293457
-1.12526
-0.210595
-1.52656
-1.0709
-0.791565
-0.203929
-0.880107
-1.08961
-1.95104
-1.22315
-1.37611
-0.15755
-1.98178
-1.69337
-1.02214
-0.67454
-1.75528
-0.70366
-1.0201
-0.845372
-0.962087
-0.759214
-0.0226962
-1.33665
-0.767997
-1.37207
-0.0763775
-1.88183
-0.704508
-0.301683
-0.903673
-0.435995
-0.31017
-1.21422
-1.63522
-0.996053
-1.28244
-0.866709
-1.432
-1.5049
-1.45535
-1.94946
-1.72272
-0.996249
-1.2239
-0.691873
-1.33859
-0.00460109
-1.43652
-0.548133
-0.772674
-0.0455281
-0.716111
-0.183455
-0.62286
-1.31474
-0.406504
-0.889768
-1.2447
-0.198419
-1.48639
-0.508686
-0.254612
-1.04654
-1.13542
-1.2687
-1.42586
-1.56631
-1.75675
-0.35231
-1.72655
-1.21805
-1.91082
-1.36974
-0.604518
-1.33682
-1.12422
-0.158011
-1.43554
-1.61939
-0.407871
-0.221743
-0.693414
-1.66535
-1.21564
-1.89591
-0.706507
-0.201141
-1.43093
-0.610926
-0.936458
-0.23714
-0.588855
-0.709569
-1.82093
-1.52108
-0.532604
-1.32108
-0.859017
-1.17109
-0.36573
-1.06772
-1.40406
-0.850372
-1.06734
-1.70446
-1.12788
-1.39194
-1.2877
-1.56102
-0.732585
-0.72069
-0.57497
-0.3299
-1.26957
-1.90992
-0.0539709
-1.57015
-0.669561
-0.33089
-0.0216849
-1.29298
-1.04449
-1.14474
-0.410538
-1.5037
-0.930364
-0.493572
-0.325185
-1.47164
-0.888082
-1.82459
-1.33144
-1.18525
-1.37502
-1.20182
-1.43165
-1.93155
-1.40333
-1.40148
-1.96324
-0.499847
-0.145707
-1.31327
-1.70902
-1.78611
-0.0665599
-0.00455206
-0.44887
-0.910003
-0.819243
-0.0672192
-1.2447
-1.05638
-1.56452
-0.585963
-1.1725
-0.58451
-0.840034
-1.26822
-0.0932024
-0.860073
-1.41762
-1.31296
-0.395744
-1.26874
-0.892078
-0.066233
-1.39839
-0.336226
-1.39343
-0.174854
-0.267156
-1.27593
-1.97114
-1.58223
-1.20637
-1.27638
-1.39839
-1.79373
-1.15942
-0.633879
-0.110136
-0.781047
-0.594869
-0.156544
-0.700987
-1.30199
-0.741392
-1.65853
-1.6802
-1.21758
-0.0995159
-1.65045
-1.9042
-0.448368
-1.04709
-0.233145
-0.92998
-1.74472
-0.615446
-0.483904
-0.329297
-1.44522
-1.70715
-1.71882
-1.1124
-0.241029
-1.62993
-1.90749
-1.33057
-1.05246
-0.169598
-1.9172
-1.71588
-1.86944
-1.33577
-1.63298
-1.18979
-0.409948
-0.507535
-0.636556
-0.71792
-0.253593
-1.68121
-1.33858
-0.638963
-1.5128
-1.39186
-1.94656
-1.80423
-1.27008
-0.534028
-1.84526
-1.19559
-1.53516
-0.793786
-1.63523
-1.78454
-1.43796
-1.62167
-1.66995
-0.263878
-1.72172
-1.41082
-1.28671
-0.103568
-0.743148
-1.75979
-0.604722
-1.72128
-0.349051
-0.430531
-0.183647
-1.12251
-1.4838
-0.873259
-1.81744
-0.3845
-0.692189
-1.09617
-0.839363
-0.787997
-1.10348
-0.608749
-1.57664
-0.48455
-1.89674
-0.661991
-0.341046
-1.6889
-1.86938
-1.80235
-0.0858261
-0.678239
-0.313985
-1.1714
-0.357016
-0.572221
-1.14391
-0.954119
-1.25815
-1.69859
-1.48732
-0.327313
-0.23463
-0.309019
-1.37429
-1.60016
-1.39192
-0.612214
-1.28805
-0.505934
-0.5855
-0.246716
-1.55336
-0.203337
-0.0895295
-1.92838
-0.879533
-0.650072
-0.21856
-0.806201
-1.70062
-1.04549
-1.75375
-1.76073
-0.0274593
-0.260815
-1.97828
-1.10512
-1.58803
-1.59144
-1.64414
-1.37933
-1.53616
-1.10673
-0.00296506
-1.82159
-0.85626
-0.0047915
-0.0158749
-0.996581
-1.61763
-0.447471
-0.638287
-0.0907677
-0.933849
-1.54853
-0.0217203
-0.246799
-0.525078
-1.94928
-1.7608
-0.0217784
-0.557102
-0.424606
-0.11478
-1.91635
-0.459385
-0.131061
-0.843763
-1.91361
-0.139466
-0.313834
-0.201243
-0.202212
-0.861972
-0.288108
-1.54883
-1.93543
-1.85073
-0.279816
-0.479069
-0.359592
-0.430421
-1.17545
-1.26695
-0.330714
-1.41044
-0.133207
-0.166234
-0.301184
-1.98277
-1.19361
-0.847397
-1.56893
-1.73755
-0.0817331
-0.942481
-0.928666
-0.621065
-0.935248
-0.443562
-0.400496
-1.48046
-0.86197
-0.224477
-0.587465
-1.12561
-1.18786
-0.927118
-1.56939
-0.6148
-1.87906
-0.595094
-0.867514
-1.43391
-1.96137
-1.34286
-1.91342
-1.08028
-1.17258
-1.9331
-1.96322
-1.85652
-0.515324
-1.69498
-0.495675
-0.583771
-1.24542
-0.0845659
-1.7797
-1.3556
-1.03583
-1.19898
-1.75152
-1.78148
-0.459609
-0.566253
-0.632475
-0.693811
-0.855468
-1.4927
-0.0705656
-1.98246
-0.630656
-1.11357
-0.6828
-0.96229
-0.0736843
-0.392633
-0.609437
-0.681866
-1.31926
-0.241222
-0.588333
-1.72739
-0.820559
-1.65656
-0.40619
-1.90014
-1.46853
-1.84664
-1.40601
-0.587537
-1.36343
-0.946406
-1.79245
-0.341315
-1.08368
-1.30794
-0.882114
-0.501319
-0.798415
-0.0441686
-0.753504
-0.38107
-1.57545
-1.54436
-1.46291
-0.454864
-1.39128
-1.63424
-0.0379033
-1.78058
-0.705019
-1.22005
-1.44068
-1.27564
-0.123254
-1.57142
-1.39055
-0.578891
-0.166884
-1.66442
-1.91879
-0.647576
-0.841421
-0.653859
-1.43702
-0.00931214
-0.210505
-1.97697
-1.05266
-1.63539
-0.948426
-1.66924
-1.07238
-1.19513
-0.201087
-1.75617
-0.359133
-0.208345
-0.470672
-1.74669
-0.888234
-1.63996
-0.791917
-1.43131
-0.611561
-1.04559
-0.371732
-1.3933
-0.964527
-1.28936
-0.307164
-1.73131
-1.28033
-0.14341
-1.70011
-0.364116
-1.2263
-0.620571
-1.88425
-1.22532
-1.66956
-0.587238
-0.204454
-0.0231137
-1.31032
-1.18258
-0.329874
-1.71655
-0.776686
-1.1878
-1.81775
-0.673968
-0.255942
-1.17663
-0.714587
-1.31287
-0.959112
-1.50608
-0.347548
-1.44987
-0.0646698
-1.41995
-0.849608
-0.659736
-1.65129
-0.0280103
-0.441074
-1.73282
-1.97142
-1.624
-1.52142
-1.90452
-1.45912
-1.46894
-1.22895
-0.0955981
-0.438731
-1.46216
-1.45251
-1.94178
-1.12994
-0.0259981
-1.70511
-1.86453
-0.177039
-0.484762
-1.87839
-1.8529
-0.119203
-0.862778
-0.171659
-0.879364
-1.52982
-1.375
-1.22345
-1.53959
-0.0862445
-0.710978
-0.851798
-1.75029
-0.219351
-1.81301
-1.52631
-0.677828
-1.81943
-1.04838
-1.48371
-1.89799
-0.363429
-1.51514
-0.613764
-0.843239
-0.943445
-0.441117
-1.06715
-1.14919
-1.05499
-0.317035
-1.36643
-1.16885
-0.739383
-1.95657
-1.70319
-0.138871
-1.33758
-1.38426
-1.42185
-0.360687
-0.652248
-0.882898
-1.48418
-1.5948
-0.738338
-0.439979
-0.00504419
-1.98255
-0.0791938
-1.98798
-1.01651
-0.774719
-0.746935
-0.487963
-0.147318
-1.29517
-1.01739
-1.5212
-1.20399
-0.952983
-1.44632
-1.23723
-1.44969
-1.50575
-0.145968
-0.943381
-0.436784
-1.94793
-0.138784
-1.42838
-0.630747
-0.303546
-1.0543
-1.26099
-1.41828
-1.66562
-0.526947
-1.85038
-0.800151
-1.81359
-1.14766
-1.44596
-0.227905
-0.101349
-0.612573
-0.244469
-1.79409
-0.916315
-0.149553
-0.246701
-1.13286
-1.32996
-1.74259
-1.29418
-1.88764
-1.39605
-1.55401
-0.440305
-1.70963
-0.479182
-1.51187
-0.144206
-1.10171
-0.572988
-1.25186
-1.61011
-1.08202
-0.68211
-1.96969
-1.22443
-0.167843
-1.52927
-0.244397
-0.809382
-0.465813
-0.671499
-0.704893
-1.42371
-0.0263564
-1.8058
-0.933484
-0.66058
-1.53314
-1.18907
-0.580096
-0.4865
-0.0377417
-1.52577
-1.75023
-1.11328
-0.865067
-1.95784
-0.857301
-1.39301
-1.56736
-0.784446
-1.61952
-0.241521
-0.176869
-1.15392
-0.438073
-0.645623
-0.774758
-1.95604
-0.697257
-0.447588
-0.414016
-1.91008
-0.595019
-1.91257
-0.845037
-0.533451
-0.446706
-1.99992
-0.704518
-1.90307
-0.773008
-1.99881
-1.96879
-1.47447
-0.0540499
-1.58853
-0.0708611
-0.180439
-1.62454
-1.64903
-0.299567
-0.286043
-1.28469
-1.13414
-0.0828543
-0.940697
-1.04412
-0.649588
-0.0761069
-0.853671
-1.27011
-1.77832
-0.839573
-0.596356
-1.60286
-1.38163
-1.94534
-1.41605
-0.923539
-1.68297
-0.98517
-0.816391
-0.935443
-1.48453
-0.485782
-0.907186
-1.43063
-1.56356
-0.23603
-0.211012
-0.970982
-1.05424
-1.01208
-1.39179
-0.551927
-1.91627
-1.44262
-1.14948
-0.0667979
-0.433802
-1.24848
-1.10217
-0.262367
-1.94403
-0.39412
-0.378588
-1.89792
-0.247889
-0.95065
-0.295179
-0.958106
-0.188393
-1.22973
-0.685569
-0.0290982
-1.45004
-0.322853
-0.641245
-0.240086
-0.127314
-1.86694
-1.62905
-1.93025
-1.17364
-0.979557
-1.5217
-0.435941
-0.0714289
-0.538533
-1.10466
-1.54502
-0.695447
-1.90451
-0.982412
-1.35517
-1.47452
-1.29281
-0.39575
-0.959109
-0.808408
-0.211152
-0.233267
-0.285637
-1.82034
-1.14613
-1.25343
-1.46415
-0.511438
-1.76383
-0.61168
-0.42569
-1.55456
-0.816156
-0.339113
-1.10843
-0.189797
-1.85758
-1.56931
-1.33788
-0.381471
-1.39992
-0.681685
-0.529015
-0.27979
-0.42859
-1.95472
-0.0146941
-1.67219
-1.9121
-0.512795
-1.78726
-1.69836
-0.649599
-0.331084
-0.88868
-0.937838
-0.643928
-0.897412
-0.167216
-1.50687
-1.01057
-1.0236
-0.914301
-0.73924
-1.40486
-0.356693
-1.35066
-1.35684
-0.00910737
-0.634735
-0.790826
-1.65503
-1.43629
-1.7223
-0.220351
-0.771609
-1.10161
-1.79984
-0.263803
-1.68198
-1.95682
-0.453623
-1.91009
-0.744713
-1.43307
-0.560923
-1.83006
-0.777345
-0.215155
-0.273493
-0.640784
-1.57703
-1.8014
-0.206426
-0.162697
-1.93481
-1.80074
-0.727421
-0.63069
-1.15778
-1.14646
-0.564036
-1.09245
-1.91266
-0.889015
-1.09938
-0.257631
-0.29208
-0.554363
-0.169283
-0.533313
-0.00283522
-0.6468
-1.1781
-1.27976
-1.19666
-0.272165
-1.60233
-0.667366
-1.74438
-0.0802049
-1.1372
-0.696266
-1.16321
-1.88179
-0.387345
-0.625042
-1.67768
-1.11023
-0.973097
-0.0376712
-0.514994
-0.910853
-0.878018
-0.00845901
-1.98324
-0.623957
-1.35402
-1.54297
-1.4118
-1.30062
-0.96792
-0.191497
-0.628145
-0.311545
-0.146134
-0.361463
-0.50282
-1.5533
-0.66735
-1.61425
-1.21928
-0.193226
-1.42949
-1.9485
-0.351386
-1.96848
-0.522367
-0.931772
-0.797544
-0.153488
-0.340243
-1.26489
-1.68199
-0.106699
-0.906234
-1.59898
-1.91443
-1.88397
-1.72358
-0.545836
-1.72765
-0.635695
-1.33432
-0.519541
-0.966814
-0.71027
-1.86083
-1.0036
-0.894042
-1.61754
-1.25586
-0.25119
-0.211707
-0.789242
-0.233928
-0.602546
-1.27741
-0.92021
-1.2104
-0.344374
-0.275319
-0.488831
-0.073762
-0.929873
-0.191089
-0.533566
-1.36821
-0.636868
-1.79263
-0.434558
-0.368558
-1.08781
-1.94889
-0.568348
-1.59234
-1.63178
-1.76711
-0.115351
-0.102697
-1.75947
-1.58174
-0.615983
-0.885582
-0.0112478
-0.323511
-0.140425
-1.55471
-0.57352
-1.90831
-0.403494
-1.97528
-0.854315
-1.30277
-0.760941
-1.82454
-1.26579
-1.49291
-1.81265
-0.202359
-1.33941
-0.221899
-1.18167
-1.79177
-0.814411
-1.18098
-1.87389
-0.0517856
-1.09172
-1.55006
-1.33916
-0.126326
-0.393692
-1.5305
-1.19354
-0.337833
-0.13499
-0.581955
-0.698647
-1.69165
-1.82034
-1.89194
-0.239387
-1.87171
-0.881416
-0.782715
-0.0632151
-0.319771
-0.454867
-0.640459
-1.96741
-1.26553
-1.64694
-1.16034
-1.73002
-0.928345
-1.98002
-0.36147
-0.912283
-0.130423
-0.352497
-1.46548
-0.569283
-1.70999
-0.499457
-0.750168
-1.75823
-1.28987
-0.00240847
-1.02336
-1.64802
-1.45612
-1.80148
-0.848104
-1.76586
-1.72179
-0.233295
-1.75222
-0.109108
-0.637145
-1.12952
-1.48186
-1.13603
-0.875984
-1.75611
-1.2757
-1.20455
-0.798188
-1.61066
-1.70784
-1.06704
-0.242804
-0.385241
-1.90433
-0.45901
-1.01284
-0.170883
-1.49021
-1.55619
-0.98881
-0.674674
-0.704644
-1.99105
-0.373099
-1.70683
-1.08881
-1.89804
-0.415506
-0.456137
-0.277492
-0.66868
-0.114417
-1.52599
-0.126204
-1.61965
-1.27393
-1.86379
-0.231041
-0.437186
-0.527058
-0.226596
-0.866596
-1.87822
-0.591365
-0.784184
-0.392883
-1.67729
-1.83451
-0.267325
-0.505891
-1.78991
-0.297403
-1.76915
-0.730257
-1.51667
-1.90092
-1.70937
-0.208942
-0.312659
-0.38791
-0.722347
-1.04267
-0.47119
-0.397663
-0.646497
-0.569548
-0.891311
-1.39375
-1.33333
-1.23359
-0.878229
-1.19589
-1.40185
-0.165863
-1.72186
-1.40608
-1.74693
-1.66152
-1.60929
-0.543576
-1.05899
-1.8338
-1.28575
-0.0691472
-0.706417
-1.07489
-1.48079
-0.192751
-1.6073
-1.77871
-1.51273
-0.270168
-0.133333
-0.221944
-0.536633
-0.735803
-1.33793
-1.5022
-1.35055
-0.902444
-1.61916
-1.84322
-1.45278
-1.95453
-1.96251
-1.93756
-1.47944
-0.160878
-0.969898
-1.59443
-1.67561
-0.810392
-0.268809
-0.943952
-1.16685
-0.144973
-1.21157
-0.356747
-0.151194
-0.160263
-0.876534
-0.0517807
-0.26844
-1.01324
-1.7542
-0.284581
-0.762086
-1.36492
-0.801145
-0.187339
-0.239363
-1.56117
-0.851977
-1.86177
-1.25783
-1.80833
-0.434837
-0.824071
-1.37081
-1.07503
-0.747947
-0.820769
-1.52672
-0.26775
-0.129867
-1.94529
-0.850262
-0.0738768
-1.4905
-0.803856
-0.0790155
-0.172765
-1.94296
-0.827501
-1.36807
-1.76986
-1.53446
-1.51307
-1.04045
-1.8945
-0.704335
-1.26588
-1.2399
-1.12361
-1.52843
-1.7448
-0.166045
-0.632369
-0.245242
-1.62307
-1.46994
-1.48741
-0.653232
-0.942359
-0.162397
-0.848273
-0.137216
-1.50137
-1.94473
-0.271591
-0.10731
-0.657869
-1.79517
-0.341785
-1.03758
-1.19467
-1.2004
-0.829782
-0.347156
-1.45821
-1.74292
-1.54365
-1.33415
-1.77917
-0.367919
-1.10095
-0.263552
-0.222359
-0.462128
-1.56692
-1.78608
-0.383905
-1.13829
-1.3418
-1.33107
-1.4745
-0.1857
-1.93328
-0.902196
-0.251952
-1.72785
-0.785024
-1.3098
-0.781899
-0.363808
-0.243215
-0.714694
-0.00775106
-0.298286
-0.517623
-0.870428
-1.63389
-1.40947
-0.507973
-0.294862
-0.434006
-0.924659
-1.54457
-0.863858
-0.2502
-1.94276
-1.57124
-1.26945
-0.22324
-0.275498
-0.164614
-0.94353
-0.151494
-1.47332
-0.401034
-1.20556
-0.6361
-0.178163
-1.78652
-0.0630863
-0.411611
-0.961629
-0.32613
-0.278658
-0.401501
-0.718298
-0.913524
-1.19311
-0.262547
-1.13822
-0.125994
-1.1708
-1.35439
-0.140309
-1.60178
-0.0892029
-1.93738
-1.83243
-1.89112
-0.408659
-1.11679
-0.945311
-1.60063
-1.01167
-1.01378
-1.86365
-1.74528
-1.99418
-0.251121
-0.816185
-1.26127
-1.63191
-0.717931
-1.8674
-0.366267
-0.982805
-1.24249
-1.50654
-1.93331
-1.53951
-0.696688
-0.584216
-1.69106
-1.37877
-1.16548
-0.910957
-1.48192
-0.494244
-0.809784
-0.443262
-0.575186
-1.21842
-0.703017
-0.759177
-1.11008
-0.704987
-0.938248
-1.22827
-1.66704
-1.86079
-1.58784
-1.7097
-1.12033
-1.07466
-1.22456
-1.30384
-1.41888
-0.952436
-1.68158
-0.406094
-1.16565
-0.907434
-1.42865
-0.430494
-0.59102
-1.71229
-0.904349
-1.30933
-1.23056
-1.7745
-0.740777
-0.432529
-0.699836
-1.09759
-0.310329
-1.83881
-1.8289
-1.79091
-1.51772
-0.693665
-1.67992
-1.26452
-0.145253
-0.539374
-1.92569
-1.00156
-0.443174
-1.93389
-1.5495
-1.45973
-1.51896
-0.530658
-1.01227
-0.474919
-1.73603
-1.04651
-0.703516
-0.226163
-1.78016
-1.65124
-0.413267
-0.52552
-0.147038
-0.561812
-1.75512
-0.282967
-0.429185
-0.420956
-0.972301
-1.9544
-1.50336
-0.436662
-1.68739
-1.70304
-1.48555
-0.58979
-1.94738
-0.504402
-1.25749
-0.0837412
-0.377517
-1.06474
-1.19231
-1.44465
-0.288701
-1.93694
-1.80161
-0.754371
-0.235171
-1.82376
-1.69166
-0.360497
-1.96737
-0.845101
-0.491975
-1.68153
-0.919617
-0.0471299
-0.489956
-0.942985
-0.974741
-0.818196
-1.70434
-0.783409
-1.61893
-0.82134
-0.939237
-0.245352
-1.02713
-1.40337
-1.01438
-0.518426
-0.0951108
-1.43015
-1.14658
-0.482981
-1.53025
-1.31351
-1.31793
-1.28339
-0.723874
-0.178488
-1.4854
-1.60609
-0.874903
-1.59958
-0.0414465
-1.42487
-1.41963
-0.333041
-1.43431
-0.334896
-0.556091
-0.730756
-1.57475
-0.834145
-1.69603
-1.29865
-1.74618
-0.228181
-1.23181
-1.3331
-0.194666
-0.898323
-1.968
-0.0429281
-0.236196
-0.12369
-0.986132
-1.55377
-1.95404
-0.229967
-0.842606
-0.861588
-0.124469
-0.425513
-0.439443
-1.44202
-0.0155313
-1.97728
-0.0692143
-1.32838
-0.771246
-0.635642
-1.57328
-0.071425
-1.81537
-1.34983
-1.714
-0.5088
-0.0281997
-0.0344892
-1.44921
-1.53075
-1.9883
-1.34583
-0.323143
-1.19634
-1.54848
-1.98914
-1.52617
-1.85625
-0.401816
-0.954953
-1.20203
-0.880165
-0.246237
-1.00688
-0.849807
-0.22765
-0.000379863
-1.34341
-1.03474
-1.53009
-1.63761
-0.60371
-1.46124
-0.420024
-0.54756
-1.53871
-0.0474869
-1.92041
-1.84527
-0.88296
-1.8951
-1.1989
-0.627549
-0.129543
-0.111823
-0.256259
-0.734026
-1.28106
-0.741007
-1.76224
-0.0823846
-1.87191
-0.0469394
-0.624134
-0.968632
-0.776339
-1.04602
-0.452469
-1.59428
-0.0165381
-1.60497
-1.82419
-1.17731
-0.312273
-0.957996
-1.90346
-1.7104
-0.436873
-0.336686
-1.95363
-0.686452
-1.60093
-1.36746
-0.0844044
-1.41518
-0.265522
-1.98769
-0.67284
-1.70199
-1.63669
-1.59589
-0.356767
-0.578909
-1.15352
-0.291691
-1.55202
-0.200824
-1.8912
-0.528437
-1.02976
-0.747534
-0.771703
-1.74832
-1.64578
-1.8623
-1.4498
-0.0899019
-1.62836
-0.270804
-0.869222
-0.580584
-0.460149
-1.29246
-1.1526
-0.252911
-1.32271
-1.78072
-0.542474
-0.113099
-1.67213
-0.804149
-0.379039
-0.697665
-1.52608
-1.55189
-1.01787
-0.98053
-0.0669236
-1.0448
-0.608604
-0.235991
-0.256549
-1.64333
-1.45034
-1.12021
-0.348048
-1.57932
-0.972171
-0.370245
-1.43091
-1.27613
-0.325568
-1.91848
-1.05892
-1.14793
-0.534475
-0.607653
-0.704058
-0.793146
-0.968782
-1.54801
-0.370887
-0.0907958
-0.784584
-1.0944
-0.664277
-1.43456
-1.87184
-1.28787
-1.11219
-1.56095
-1.68347
-1.25238
-1.53266
-0.334122
-0.31061
-1.37952
-1.86542
-0.530737
-1.81865
-1.90226
-0.415795
-0.822115
-1.49869
-1.31167
-0.926078
-0.547615
-1.78771
-0.0906362
-0.194363
-1.94657
-0.913979
-1.63188
-1.27832
-1.02964
-0.304509
-0.676135
-0.40252
-0.687736
-0.762967
-1.21221
-1.78102
-1.45026
-0.834231
-1.15318
-1.22113
-1.47987
-1.29014
-1.36104
-0.851679
-0.461176
-1.54283
-1.93617
-0.531115
-0.183142
-0.889519
-1.78541
-0.239297
-0.679857
-1.03541
-0.21722
-1.16077
-1.77022
-1.23205
-0.893955
-0.855556
-0.131698
-1.97846
-0.419429
-1.82542
-1.30306
-0.316409
-1.68925
-0.981401
-0.360843
-1.69847
-1.76946
-1.75023
-0.0443751
-1.47203
-1.77313
-0.976626
-1.45157
-1.11027
-0.139405
-0.433074
-1.60309
-1.25889
-1.52084
-1.71021
-1.54119
-1.25224
-0.276987
-1.92299
-0.11097
-0.838612
-0.440368
-1.5239
-1.79021
-1.74815
-0.357153
-1.07592
-0.0235325
-0.0847161
-1.524
-1.77577
-1.89733
-0.883609
-1.16209
-0.187011
-1.68135
-1.35307
-1.33028
-1.3157
-0.765211
-1.27311
-1.34577
-0.530432
-1.7465
-0.442076
-0.142991
-0.529953
-1.17386
-1.91882
-0.966594
-0.203027
-1.19797
-0.614998
-1.51813
-0.13465
-0.647447
-0.61644
-0.327784
-0.0674154
-0.616963
-1.70354
-1.31965
-0.767961
-1.46839
-1.94799
-0.926238
-0.472896
-1.07085
-1.79302
-0.781651
-1.30477
-1.57843
-0.0331495
-0.769597
-1.14343
-0.974871
-0.923766
-1.86316
-0.645713
-1.30093
-0.917737
-1.64495
-0.955426
-0.323475
-1.3396
-0.0238236
-1.96455
-0.505597
-1.25422
-1.19645
-0.246022
-0.363919
-1.49625
-0.865151
-0.960026
-0.501399
-1.5937
-0.978505
-0.543843
-1.74904
-0.324474
-1.29837
-0.501295
-0.529541
-0.929437
-0.512942
-0.862179
-0.312335
-1.72631
-1.17583
-1.31574
-1.89925
-1.90147
-0.2454
-0.936829
-0.77473
-1.67559
-1.4181
-0.449275
-1.71792
-1.93831
-0.201985
-1.59063
-0.356441
-0.901455
-0.736975
-1.47811
-0.505674
-0.00276061
-1.16105
-1.13817
-0.613207
-1.60205
-1.22261
-0.788533
-0.699105
-0.215982
-1.64999
-1.90665
-0.476376
-0.531682
-1.53452
-0.557224
-1.62993
-0.957785
-1.07141
-1.98956
-0.420873
-1.11696
-0.00139187
-0.0302026
-1.61434
-1.99383
-0.453843
-0.627715
-1.15835
-1.71048
-0.169929
-1.19656
-0.114436
-1.13809
-0.762531
-1.30073
-0.200825
-1.95199
-1.4328
-0.678113
-0.639541
-1.80958
-0.320931
-1.04427
-0.620988
-0.00195215
-1.44938
-0.137883
-1.61492
-1.36981
-0.604069
-0.53075
-0.404063
-1.91192
-0.855971
-1.31141
-0.164521
-1.99695
-0.424563
-0.668045
-1.0808
-1.76597
-0.522872
-0.552011
-0.256685
-0.0750533
-1.81729
-0.234782
-0.208766
-0.837134
-1.28415
-0.784223
-0.556674
-1.38796
-1.83752
-1.29223
-1.03499
-1.42874
-1.09563
-1.11514
-1.31723
-1.03016
-0.865857
-0.611933
-0.121731
-0.461828
-0.988555
-0.998425
-0.730401
-0.658543
-0.822355
-0.746304
-0.224047
-0.603372
-0.574738
-1.22962
-0.239946
-1.96379
-1.20276
-0.0704078
-0.641474
-1.44758
-0.493393
-1.83408
-1.96033
-1.73761
-1.63732
-1.39731
-0.676862
-1.41011
-0.53445
-1.01813
-1.84382
-0.773118
-0.553447
-1.77069
-0.849314
-0.508023
-0.722483
-1.24716
-1.32182
-1.86976
-0.287239
-1.62323
-0.42997
-1.5621
-0.338516
-0.535018
-0.823497
-0.097092
-1.4387
-1.2463
-1.07825
-0.311271
-0.67178
-1.3648
-1.49705
-1.02592
-0.0710706
-0.884394
-0.631132
-0.218699
-0.983078
-0.590588
-0.0398755
-0.261367
-0.0652232
-0.626552
-0.0227425
-1.80677
-1.32558
-0.625997
-0.206114
-0.620856
-0.946758
-1.35677
-0.608453
-1.40809
-0.245838
-1.45134
-0.588662
-0.694376
-0.684965
-0.0351072
-1.93717
-1.32445
-0.526074
-0.849762
-1.92422
-0.280872
-0.72366
-0.912707
-1.61581
-1.13546
-0.601191
-1.88402
-0.820987
-0.873243
-0.897835
-1.00627
-1.49017
-1.72609
-0.0417091
-0.11183
-0.650098
-1.99619
-0.126215
-1.21401
-0.868678
-0.876318
-0.015679
-0.886221
-0.466951
-1.66882
-1.98595
-0.250176
-0.917972
-1.54952
-0.839623
-1.293
-0.437869
-1.00921
-1.53363
-0.46436
-0.99668
-0.48479
-0.233207
-1.59441
-1.16714
-0.429423
-1.24931
-1.92552
-1.32079
-0.361208
-1.22093
-0.387515
-0.659463
-0.849297
-0.00601467
-0.390564
-0.757734
-1.08977
-1.08724
-0.865281
-1.93312
-0.39815
-0.00378893
-0.879032
-0.458226
-0.209302
-0.954633
-0.857345
-0.320427
-1.93636
-1.53485
-0.176033
-0.638798
-0.3074
-1.15608
-0.935036
-1.04039
-0.24377
-0.782122
-0.24117
-1.05451
-0.201626
-1.32073
-0.226029
-0.993668
-0.204175
-1.68133
-1.52468
-0.864686
-1.24418
-0.528552
-1.46716
-1.35481
-1.7598
-1.3644
-1.71056
-0.752333
-0.791557
-0.879532
-1.74323
-1.52378
-1.32477
-0.084369
-0.299682
-1.12758
-0.40632
-0.544291
-0.86286
-0.761959
-0.342046
-0.850133
-1.80091
-1.89936
-1.78085
-1.02628
-0.498323
-0.396497
-1.99376
-1.49201
-1.32583
-1.70249
-0.92774
-1.1703
-0.456898
-0.462229
-1.20222
-0.263608
-1.47772
-0.408944
-1.2096
-1.79273
-1.45577
-1.48461
-0.680334
-0.654654
-1.71488
-1.83405
-0.529868
-1.60528
-1.33984
-0.226621
-0.228948
-0.611192
-0.364932
-0.882955
-0.460768
-1.45043
-1.99567
-1.40889
-0.854755
-1.54059
-1.88086
-0.673303
-1.54817
-0.468478
-1.00728
-1.30321
-1.88336
-0.380726
-0.69298
-0.453866
-0.750857
-1.90124
-0.197868
-0.911068
-0.202285
-1.10017
-0.0954757
-0.791432
-0.811522
-0.170901
-1.296
-0.479878
-1.30114
-0.667322
-1.33292
-0.34289
-0.38958
-0.235867
-1.33122
-1.69493
-0.334243
-1.27844
-0.838207
-1.49086
-0.593564
-1.01843
-1.2251
-1.00609
-1.50496
-0.456028
-1.35096
-1.08095
-0.868383
-0.190193
-0.822752
-0.614212
-1.32535
-1.21864
-1.78251
-1.36571
-0.894841
-1.51474
-0.0709104
-0.736548
-1.78893
-1.31365
-1.0215
-0.337664
-0.115625
-1.67479
-1.73299
-0.697674
-0.626109
-1.13568
-0.977801
-1.99956
-0.323337
-1.57672
-0.630635
-1.9514
-0.38435
-1.68988
-1.4152
-1.29507
-1.36597
-1.47064
-0.599085
-0.163014
-1.42928
-1.69812
-1.05406
-0.848568
-0.743261
-0.143684
-0.656969
-0.457999
-0.782811
-1.59922
-1.13748
-1.87063
-1.70733
-0.184526
-1.71132
-1.74964
-1.8323
-1.34291
-0.911674
-0.387945
-0.676806
-0.137553
-1.11182
-1.47829
-1.05961
-1.38612
-1.29254
-0.930379
-1.62789
-1.86534
-1.80427
-0.793033
-1.59096
-0.295202
-1.77637
-1.22324
-0.984038
-1.73861
-1.77981
-0.782865
-0.954039
-0.676648
-1.40198
-1.51651
-1.93205
-1.49779
-1.30391
-0.622548
-0.344143
-0.522835
-0.878501
-0.338051
-1.38699
-0.455976
-0.755661
-0.112965
-1.93136
-0.67244
-0.935069
-0.671917
-0.552503
-1.3736
-0.175372
-0.913606
-0.871606
-0.974834
-1.30816
-0.152073
-1.17573
-0.794208
-0.136829
-1.15488
-1.43063
-1.6517
-1.59192
-1.08907
-0.641386
-0.0878079
-1.22578
-1.99982
-1.85355
-0.987658
-0.965839
-1.1825
-1.30272
-1.94251
-0.128659
-1.71835
-0.637538
-1.43742
-0.331592
-1.25334
-0.179672
-0.601
-1.08006
-1.90104
-0.436636
-0.773381
-1.02503
-0.537652
-0.0825009
-0.796237
-1.62722
-1.71282
-0.393021
-1.24471
-0.758355
-0.298687
-0.957122
-1.57787
-1.7818
-1.23221
-0.0816106
-0.569962
-1.71489
-0.388571
-1.43459
-0.260548
-1.59832
-0.679992
-1.2847
-1.80499
-1.74522
-1.01712
-0.606585
-0.0846811
-0.0725763
-0.0548905
-0.782499
-0.156089
-1.85839
-0.750776
-0.834088
-0.44272
-0.145594
-0.766436
-1.81411
-1.41193
-0.297204
-1.73495
-0.143506
-0.431313
-0.47653
-0.379514
-1.97766
-0.57877
-0.545227
-0.0606692
-0.720284
-1.86638
-0.69266
-1.04973
-1.96045
-1.1682
-1.71844
-1.42242
-0.121299
-1.05543
-1.3709
-1.40536
-1.4575
-1.66523
-0.98778
-1.73568
-1.15441
-1.15586
-0.298956
-1.31201
-0.504124
-0.337722
-1.08468
-1.49569
-1.96492
-1.81863
-1.78937
-0.844929
-0.731526
-1.06418
-1.54422
-0.1822
-0.0585203
-1.09365
-1.61288
-0.268308
-0.924828
-0.109059
-1.95509
-0.377528
-0.0322258
-1.24177
-0.00539817
-1.56988
-0.505856
-0.247615
-1.90893
-1.65397
-1.00611
-0.575792
-0.730675
-1.77628
-1.35678
-1.86222
-0.674155
-1.19188
-1.30664
-0.788393
-0.434531
-1.67642
-1.91555
-1.47727
-1.29663
-1.86446
-1.91525
-1.05687
-1.61928
-0.110704
-0.742343
-1.21558
-1.18191
-1.85151
-0.575199
-1.01589
-1.4243
-0.853833
-1.8524
-1.62113
-0.614912
-0.722974
-1.42823
-1.76595
-1.29013
-0.385902
-1.35256
-0.483645
-0.494181
-1.41556
-0.435908
-0.0746231
-1.10889
-1.16747
-1.84144
-1.20823
-1.25256
-0.985947
-0.463615
-1.29394
-0.781254
-0.894185
-1.00529
-0.975795
-0.0538957
-0.506246
-1.7916
-0.731657
-0.511043
-0.863582
-1.19872
-1.94047
-1.13808
-0.254841
-1.7606
-0.131913
-0.527288
-1.36049
-0.881504
-0.818844
-1.61216
-0.821452
-1.86772
-0.169238
-1.96359
-1.3789
-0.0261393
-0.562946
-1.83304
-0.546065
-0.932361
-0.129064
-0.405822
-0.23904
-0.871955
-1.28087
-1.58501
-1.86769
-0.780516
-1.35147
-0.975464
-0.254277
-0.742376
-0.0487382
-0.00996154
-1.85493
-1.83286
-1.39226
-1.97527
-0.832666
-1.16154
-0.569704
-0.700786
-0.612491
-1.30698
-1.67984
-1.99007
-0.218034
-1.75793
-0.900065
-0.688792
-0.509978
-0.36311
-0.821988
-0.142189
-1.24647
-1.8561
-1.29308
-0.072014
-0.744444
-0.776923
-0.116688
-0.53746
-1.57908
-1.79558
-1.91753
-1.64172
-0.649691
-0.739748
-1.486
-0.373667
-1.97554
-1.79819
-1.48528
-1.65098
-1.81209
-1.00993
-0.556916
-1.18225
-1.5625
-0.416978
-1.82783
-0.913195
-0.870098
-0.237861
-0.480746
-0.120514
-1.83504
-0.699095
-1.25743
-0.356299
-0.256372
-0.915574
-1.75257
-0.757918
-0.0381787
-1.05968
-1.32329
-1.44657
-1.93179
-1.74345
-0.123141
-0.414792
-0.900097
-1.0995
-1.08947
-1.28413
-0.863903
-1.0768
-1.2251
-0.932257
-0.945738
-1.7868
-1.20643
-1.20366
-1.67521
-0.439825
-0.172913
-1.79886
-1.75766
-1.28704
-1.04015
-0.900446
-1.5263
-0.608377
-0.00094163
-0.521198
-1.0232
-1.44434
-0.96968
-1.02542
-0.905452
-1.63171
-1.19105
-1.08631
-0.829316
-1.93032
-0.200278
-0.916866
-0.853871
-1.85375
-0.682017
-0.856683
-1.30494
-1.18956
-0.536824
-0.204571
-0.635356
-1.4797
-1.65096
-0.778933
-1.6671
-1.19824
-0.789495
-0.646618
-1.43637
-0.321315
-1.77916
-1.7733
-1.0002
-0.756233
-1.69051
-1.85403
-1.93621
-1.33483
-1.80676
-0.134197
-0.190127
-1.11052
-0.964644
-1.63534
-0.515723
-0.122555
-1.4393
-1.33477
-1.62414
-1.76285
-0.758811
-1.69549
-0.612103
-0.0502366
-1.63735
-0.88512
-0.984516
-0.742243
-0.306989
-1.50861
-1.43586
-1.90897
-0.749653
-1.61031
-0.712546
-0.841085
-1.56308
-0.300152
-0.335261
-1.6094
-0.133691
-0.0992662
-1.8205
-1.96444
-1.61701
-0.808912
-0.903822
-1.98794
-1.86968
-1.41502
-0.804865
-1.23415
-0.518037
-1.30442
-0.337513
-0.890984
-0.5986
-0.0521263
-1.73523
-1.90542
-1.63749
-1.06165
-0.916108
-0.584839
-0.218619
-1.14296
-0.469621
-0.797976
-0.643172
-1.87661
-1.48389
-1.9432
-1.32708
-0.744124
-1.29242
-1.63713
-1.90315
-1.74175
-1.81487
-1.36369
-0.751353
-0.863564
-0.290902
-1.36941
-1.27109
-1.2857
-0.657091
-0.889075
-1.36073
-1.53207
-1.99799
-1.43207
-0.667603
-0.422774
-0.898568
-1.59516
-1.69584
-1.6883
-0.432367
-1.18373
-1.08709
-1.18215
-1.72422
-1.51581
-1.02376
-0.695786
-0.399148
-1.19924
-1.10582
-0.385417
-1.58484
-1.61907
-0.643949
-0.11264
-0.150167
-1.74784
-0.51956
-1.23907
-0.255733
-0.611996
-0.723875
-1.37025
-1.11097
-0.237437
-1.62552
-0.207993
-0.49698
-1.88649
-1.62448
-1.25647
-0.0997257
-0.995374
-0.949311
-1.19695
-1.06913
-1.77107
-1.20588
-0.0771142
-1.9233
-1.33202
-1.81782
-0.752644
-1.59128
-0.290172
-0.984924
-0.0245694
-0.116581
-0.995228
-1.68848
-1.10285
-0.523977
-1.15055
-0.674853
-1.0242
-1.01662
-1.13878
-1.43136
-1.39934
-1.70381
-0.328005
-1.98015
-0.454537
-0.309585
-1.51417
-1.79633
-0.702109
-0.79731
-1.0117
-0.594674
-1.83963
-0.0385988
-0.789829
-0.705146
-1.1128
-0.450895
-0.437483
-1.61337
-1.72813
-1.97134
-0.936576
-0.387534
-1.3683
-1.67667
-0.348712
-1.50753
-1.71529
-0.551794
-0.508626
-0.58654
-1.22177
-0.832504
-1.07199
-0.756195
-0.300838
-1.27122
-0.121147
-1.82506
-1.12675
-1.76158
-1.84476
-1.82906
-0.00744733
-1.07345
-1.29621
-0.562871
-1.98532
-1.83483
-0.718147
-1.52812
-1.92861
-0.0423229
-1.88392
-0.312234
-1.38686
-0.786819
-1.49494
-0.380547
-0.0747072
-1.82451
-1.78703
-0.170437
-1.76232
-1.99311
-1.80031
-1.08573
-1.14053
-0.429115
-0.125356
-1.32114
-0.183217
-1.9778
-0.471143
-0.363126
-1.52643
-1.40942
-0.496983
-0.724685
-1.31239
-1.34643
-0.991181
-1.28155
-0.665598
-1.93971
-1.69815
-1.06577
-0.855347
-0.517921
-0.0707421
-1.95896
-0.515684
-0.439564
-1.56153
-1.78796
-0.522988
-0.554376
-0.236743
-1.29002
-0.517678
-0.630933
-1.00261
-1.30997
-1.57171
-1.34452
-1.35652
-0.139176
-1.97321
-0.895476
-1.93764
-0.457011
-0.252671
-1.12326
-0.846334
-1.19185
-0.41866
-1.07392
-0.679773
-1.16304
-0.735386
-0.427705
-0.628981
-0.216401
-0.279591
-0.853452
-1.09938
-0.059408
-0.97314
-0.590942
-1.09819
-1.12491
-1.08857
-0.210389
-0.0776767
-1.41185
-1.54724
-0.314878
-0.0272893
-0.829405
-1.48165
-0.842501
-0.380271
-0.912856
-1.09919
-0.800076
-0.294693
-0.321672
-1.80489
-0.112202
-0.874478
-0.943637
-0.36223
-1.26296
-0.740549
-1.34741
-0.246623
-0.520453
-0.042695
-1.39718
-0.928873
-1.23999
-0.554878
-1.18348
-0.621823
-0.446548
-1.60577
-0.317108
-0.13024
-0.665083
-1.37245
-0.0391812
-1.25229
-1.08923
-1.64516
-1.39252
-0.986885
-0.697718
-0.574822
-0.595723
-0.236305
-0.123907
-1.4457
-0.640673
-0.886186
-0.238645
-0.0368664
-0.304667
-0.415958
-0.451938
-1.97836
-0.805888
-1.99081
-1.40567
-0.336739
-1.24278
-0.921813
-1.44393
-0.882078
-1.42945
-1.05494
-0.575113
-0.442414
-1.84117
-0.908092
-1.43282
-0.471176
-0.366236
-1.34785
-1.13864
-0.909073
-1.70904
-0.482464
-1.87822
-0.172397
-1.58831
-1.0065
-1.85216
-1.00646
-1.37977
-1.30558
-0.259617
-1.22608
-1.24182
-0.781396
-1.48368
-1.73891
-0.668808
-0.641216
-0.722329
-0.618574
-0.522072
-1.84573
-0.337264
-0.213828
-1.63159
-0.859684
-0.544538
-0.299049
-1.62479
-0.670482
-0.0341268
-0.298781
-1.182
-0.862903
-0.444373
-0.954956
-0.774152
-1.94527
-0.20766
-0.925049
-1.66518
-1.33832
-0.0833886
-1.37074
-1.25279
-1.49841
-0.380595
-0.243004
-0.61671
-1.62582
-1.84969
-0.3779
-1.38519
-1.75419
-1.60125
-0.171077
-1.70858
-1.39705
-0.402865
-0.85789
-0.304852
-1.13882
-1.98658
-0.924391
-1.3681
-1.38596
-1.93795
-1.84663
-0.844447
-1.25195
-1.38449
-0.89145
-0.065757
-0.121161
-0.498477
-0.080018
-0.265228
-1.30785
-0.00452698
-0.503396
-0.367911
-0.140799
-0.611197
-1.82508
-1.07578
-0.980301
-0.755394
-1.30763
-1.90817
-0.41629
-0.109048
-0.661144
-0.412447
-1.57729
-1.97995
-0.394121
-1.05478
-0.526949
-0.2802
-1.29593
-1.9744
-0.289942
-1.96254
-1.40975
-1.43862
-1.92331
-0.383409
-1.5483
-1.80881
-0.690139
-0.885667
-1.2428
-0.453344
-1.94614
-1.29759
-0.410397
-1.87855
-0.255733
-1.87547
-0.751237
-1.94822
-1.33595
-1.55614
-0.524288
-1.21703
-0.835153
-0.151519
-1.95257
-1.36424
-0.0620129
-0.326261
-0.56709
-0.132964
-1.54921
-0.266878
-0.269745
-0.421612
-1.51236
-0.321081
-1.38809
-0.691072
-0.544316
-1.01022
-1.82524
-1.95344
-0.639347
-0.855491
-0.684438
-0.328321
-1.95906
-1.74465
-0.550827
-0.580376
-1.96243
-1.52876
-1.59791
-0.127423
-0.984694
-0.286195
-1.45571
-0.506874
-0.134893
-1.09736
-1.18143
-0.37449
-0.869635
-1.96824
-0.557038
-0.276714
-1.0071
-0.0570233
-1.95746
-1.03013
-0.789398
-0.413835
-1.15363
-0.04477
-1.21322
-1.50341
-1.61046
-1.77633
-1.68075
-0.933238
-0.701338
-0.185092
-1.10976
-1.42541
-1.953
-1.34618
-1.24572
-0.329417
-0.111236
-1.71672
-1.73546
-0.976976
-0.827971
-0.580462
-0.495191
-0.253832
-0.0774831
-1.60484
-1.27461
-0.198726
-1.90588
-0.158559
-1.63192
-1.1008
-1.75215
-1.43193
-0.067521
-1.45979
-0.945227
-1.52825
-1.67529
-1.24453
-1.53625
-1.06089
-0.611891
-1.9491
-0.585446
-0.948815
-1.06104
-1.86963
-0.901564
-0.121404
-0.105549
-1.68549
-0.242273
-1.31851
-1.26332
-0.229005
-0.957947
-0.786817
-1.44796
-0.877516
-0.897635
-1.54506
-0.119397
-0.587427
-1.46128
-0.645414
-0.560322
-1.87307
-0.723659
-1.96679
-0.203671
-0.984127
-0.361881
-1.24041
-1.23591
-0.219392
-1.97945
-1.28146
-1.20703
-1.04482
-1.44898
-1.60885
-1.91809
-1.54899
-1.91184
-0.302553
-1.89271
-0.740116
-1.27159
-1.96472
-0.871097
-1.62329
-0.658619
-0.30807
-1.4122
-0.413964
-0.601467
-0.213035
-1.04436
-1.77204
-0.74403
-0.902548
-0.425573
-1.64192
-0.469109
-0.756803
-0.058409
-0.178651
-1.94505
-1.89729
-0.717436
-0.225447
-1.59056
-0.0910186
-1.81007
-1.17899
-0.467508
-0.205678
-1.95164
-0.485505
-0.46012
-1.50274
-0.818399
-0.85879
-1.99108
-0.127995
-0.651183
-1.61987
-0.597303
-0.0453048
-1.07377
-1.4625
-0.585497
-0.0185501
-0.889154
-0.186557
-1.91551
-0.727475
-0.565124
-0.144609
-0.153692
-0.384046
-1.65495
-1.71485
-0.850822
-1.37934
-1.84751
-1.38298
-0.378493
-0.182537
-1.18442
-1.77624
-0.0620007
-1.56695
-1.26022
-0.696132
-1.73827
-1.62386
-0.396395
-1.52241
-1.55104
-0.93781
-1.20378
-1.37021
-0.00481143
-0.881447
-0.252164
-1.91767
-0.178977
-0.606115
-0.742325
-1.94946
-1.61085
-0.146439
-1.04619
-0.737821
-0.193403
-0.595551
-0.843583
-1.12291
-0.182241
-0.792343
-1.17109
-1.48463
-0.651966
-1.04576
-1.87663
-0.487156
-0.799831
-1.6716
-0.0284215
-0.640415
-0.465192
-1.20452
-0.353469
-1.92935
-0.0715919
-0.603341
-1.66666
-0.6224
-0.766599
-1.12982
-0.987398
-1.94929
-1.51206
-1.02573
-0.664513
-0.669864
-1.5666
-1.97931
-1.96408
-1.29301
-0.306842
-0.764291
-0.950443
-1.37432
-1.44764
-1.75637
-1.01635
-1.41611
-1.55288
-0.782469
-0.638935
-0.0416775
-1.36088
-0.584265
-0.423235
-0.635126
-0.776682
-0.922278
-1.52694
-1.85329
-1.90183
-1.15204
-1.03333
-1.07597
-0.495438
-0.887481
-1.60552
-1.22518
-0.812757
-1.77412
-0.990127
-1.66915
-1.44221
-0.335294
-1.47262
-0.28313
-1.76993
-1.73793
-1.76329
-1.19694
-1.46937
-0.634517
-1.72661
-1.0005
-0.377409
-0.174185
-1.66275
-1.00659
-1.20969
-0.895493
-1.74853
-1.87209
-1.0842
-1.83036
-0.0251354
-0.594601
-0.994146
-0.120605
-1.70065
-1.30984
-1.47892
-0.633299
-1.58602
-1.34982
-1.64788
-1.67177
-0.231547
-1.8629
-0.337057
-0.521746
-0.216828
-1.13181
-0.261299
-1.01307
-0.85147
-1.80173
-1.41825
-1.07204
-0.563081
-0.831268
-1.41382
-1.92169
-0.947348
-0.921273
-0.133494
-0.983334
-1.44236
-1.40841
-0.950771
-1.98786
-0.720226
-1.13147
-0.0121436
-0.814256
-1.18611
-0.172965
-1.70248
-0.926963
-1.43783
-1.05449
-0.899826
-1.55878
-0.335295
-1.95405
-1.70239
-0.529105
-1.11734
-0.387
-1.54467
-0.416385
-1.13724
-0.23151
-0.110334
-1.12526
-0.0363173
-0.779214
-0.138234
-1.64819
-0.8558
-0.525606
-0.674987
-1.51237
-1.01044
-0.0381381
-1.13745
-1.79503
-0.937832
-0.704876
-0.568348
-0.882604
-1.03911
-0.611085
-0.785313
-1.77121
-1.04152
-1.47135
-0.140602
-1.8976
-0.876162
-1.27158
-0.295983
-1.74466
-1.59764
-0.708775
-1.51722
-1.6651
-1.04781
-0.157413
-1.28316
-0.224529
-1.37893
-0.365807
-0.140932
-0.972516
-1.4317
-1.16436
-0.41916
-1.38039
-0.574249
-0.178327
-0.939046
-1.08445
-0.0410174
-1.7931
-1.03257
-1.67051
-0.809097
-1.61239
-1.31945
-1.28551
-0.425266
-1.5457
-1.28565
-1.97207
-0.630623
-0.410697
-0.728639
-1.77931
-0.481624
-1.49191
-0.135792
-0.790768
-1.24775
-0.500019
-1.08541
-0.990041
-1.75173
-0.63619
-0.777932
-1.17988
-1.40262
-0.219776
-0.00258756
-1.52255
-1.69836
-1.92117
-0.723306
-1.9672
-1.15759
-0.288263
-1.91475
-0.00131025
-0.276949
-0.347992
-1.95755
-0.930101
-0.213064
-0.672338
-0.216315
-1.77285
-0.794755
-1.42101
-0.140398
-1.94068
-0.843426
-0.194282
-0.874105
-0.630638
-0.08072
-0.572423
-0.540069
-1.96987
-0.368182
-0.24808
-0.0567632
-1.62746
-1.83241
-1.25586
-0.697586
-0.75141
-0.367188
-1.48948
-1.30952
-0.397914
-0.259132
-1.75956
-1.37862
-1.59417
-1.84702
-1.96866
-1.03368
-1.7799
-0.527699
-0.621343
-0.595768
-0.922535
-1.5829
-0.54133
-0.158278
-1.49069
-0.566725
-1.74038
-1.72415
-0.871236
-1.35665
-0.36234
-0.34277
-0.111243
-1.3072
-0.00973319
-0.150953
-0.167442
-0.441897
-0.219
-0.0720826
-1.26274
-1.10283
-0.727362
-0.635381
-0.907675
-1.0926
-0.0616832
-0.142961
-1.35184
-0.871832
-0.300585
-1.76194
-1.18386
-0.296836
-1.99918
-0.262716
-0.754483
-1.21568
-0.258722
-0.25817
-0.688592
-1.97182
-1.25292
-1.19506
-0.22592
-1.72335
-0.797069
-1.67379
-0.25152
-1.85193
-1.44761
-1.84931
-0.668717
-1.45209
-1.22431
-0.275863
-1.1318
-1.73224
-1.86889
-0.516988
-0.603217
-0.541538
-1.79998
-1.18822
-0.0280596
-1.61045
-1.01364
-1.03916
-0.0898083
-0.852638
-0.723341
-1.83637
-0.0633724
-0.271655
-0.25881
-1.53417
-0.536571
-1.4914
-0.931215
-0.468567
-0.171757
-1.20373
-1.29962
-1.32228
-1.35246
-0.0367984
-1.5649
-1.60682
-1.21166
-1.63444
-1.63341
-0.68913
-1.62445
-0.264967
-0.222011
-0.00862565
-1.47915
-1.41838
-1.67602
-0.979601
-1.87094
-1.56923
-1.70517
-1.25146
-0.342748
-1.35591
-0.43662
-1.44367
-0.614632
-1.08624
-0.628326
-1.83228
-1.47212
-0.981592
-0.588023
-0.911338
-0.178878
-0.810435
-1.24755
-1.77867
-0.832053
-0.804139
-1.9515
-1.78816
-0.407896
-1.56861
-1.65513
-1.78843
-1.20387
-1.99405
-1.53755
-0.861726
-0.621994
-1.84859
-1.31408
-1.78162
-1.65212
-1.30072
-0.0801679
-1.97066
-1.65783
-0.72213
-0.0900296
-0.974278
-0.135813
-1.44116
-0.294357
-1.92773
-0.193137
-1.25774
-1.57647
-1.53619
-1.23636
-1.59313
-0.970373
-1.49174
-0.658979
-0.0764728
-1.6997
-0.870234
-0.532192
-1.62234
-0.0517209
-1.2796
-0.247696
-1.58248
-0.578861
-1.19803
-1.20361
-1.40434
-0.0841
-1.21643
-0.322408
-0.91102
-1.82996
-1.3403
-1.89539
-1.5593
-1.1224
-0.479303
-0.0584562
-1.87973
-0.700465
-0.418647
-0.0720285
-1.58653
-1.23997
-1.49699
-0.109012
-0.690397
-1.19282
-1.14453
-0.995719
-0.776925
-0.614005
-1.68813
-0.0883804
-0.989176
-0.291309
-1.42748
-0.613803
-1.48292
-0.0277013
-1.55704
-1.23615
-1.70196
-0.468555
-1.13143
-1.48494
-0.729229
-1.36792
-0.717164
-1.31075
-1.55783
-0.626982
-0.0448361
-1.58292
-0.313231
-0.755381
-1.44228
-0.743902
-0.332754
-0.770623
-0.46626
-0.811386
-1.64368
-1.23946
-1.13505
-1.25939
-0.391999
-0.95507
-1.17993
-0.694079
-1.32089
-1.89585
-0.508796
-1.46905
-1.96852
-0.617904
-1.97031
-1.19523
-1.63768
-0.0755499
-0.813077
-0.644866
-0.631878
-0.534892
-1.73546
-1.87034
-1.27328
-1.13383
-0.703892
-1.53912
-1.35599
-0.964682
-0.286173
-1.43295
-1.15366
-1.76277
-0.371337
-0.0199544
-1.88725
-0.595383
-1.20519
-1.81271
-0.175164
-1.22054
-0.53831
-1.61325
-0.447275
-0.45628
-1.09183
-1.48288
-0.15497
-0.417249
-0.181205
-1.60567
-0.771974
-1.43038
-0.751281
-1.0892
-0.548085
-1.02885
-1.27831
-1.6603
-0.195249
-0.387399
-0.369511
-0.74417
-0.591358
-0.139919
-1.37079
-0.476406
-1.29532
-0.279657
-1.26419
-0.426168
-1.86957
-0.871482
-1.02194
-0.723743
-0.253308
-0.258687
-1.65728
-1.95261
-1.08016
-1.42252
-1.05987
-0.802297
-0.821986
-1.56647
-1.48927
-0.157783
-0.144551
-1.64838
-1.57461
-1.74337
-1.8275
-1.58347
-1.4841
-0.352624
-1.01254
-0.478653
-1.35968
-0.997712
-0.469024
-0.699313
-0.428427
-1.4871
-0.372651
-0.410267
-1.19022
-0.97196
-1.51012
-1.30937
-0.7949
-0.862645
-0.29274
-1.88806
-1.4756
-0.209331
-0.247147
-1.71682
-0.649985
-0.594384
-0.154223
-0.817069
-0.566853
-0.334107
-0.787288
-0.0751011
-0.973056
-1.33596
-0.935962
-0.839179
-1.58678
-0.722734
-0.591336
-0.0744598
-0.646195
-0.599222
-0.769493
-0.402855
-1.38982
-1.28502
-0.726591
-1.5676
-1.39543
-1.49773
-1.80862
-1.83059
-0.45996
-1.85545
-0.913526
-1.77781
-1.27465
-1.3455
-1.14184
-1.11407
-0.395842
-0.961704
-0.554634
-0.956101
-0.403468
-1.147
-0.590001
-0.993126
-1.63326
-1.54748
-0.935432
-1.00675
-0.0582045
-1.14852
-0.76039
-1.11002
-1.26482
-1.50818
-1.73279
-0.287902
-1.60035
-1.28614
-0.793853
-0.443747
-0.578121
-1.74777
-1.61189
-0.478765
-0.161907
-0.277489
-1.1206
-1.30021
-0.478959
-0.855009
-1.01877
-1.15423
-1.13897
-0.307853
-0.97803
-0.765783
-1.81534
-1.98497
-1.6178
-1.00033
-0.495877
-0.60567
-1.47774
-1.35423
-0.754405
-1.82283
-0.792986
-1.13358
-0.472501
-0.445215
-1.65931
-1.49558
-0.813402
-0.141121
-0.435019
-1.88446
-0.36854
-0.574037
-0.80375
-0.221763
-0.453647
-0.417374
-1.27033
-1.52463
-1.69327
-0.0299066
-0.5223
-0.125213
-0.510364
-0.33474
-1.96212
-0.930029
-1.75775
-0.204371
-1.60857
-0.504457
-0.0382375
-1.98459
-1.85797
-1.96924
-1.97841
-1.82043
-1.66881
-0.0382179
-1.82924
-0.911045
-1.622
-1.01233
-1.1325
-1.83586
-1.86157
-0.836065
-0.727551
-1.46275
-1.31904
-1.73465
-0.427147
-1.97155
-0.309379
-1.82207
-1.4578
-1.31291
-0.00335594
-0.637018
-1.71203
-1.50842
-0.938259
-0.820351
-0.504813
-1.33283
-1.95702
-0.0328343
-1.19214
-0.551776
-0.156796
-1.28879
-0.366683
-0.815527
-1.07429
-1.32275
-1.78711
-0.60166
-1.18646
-1.67938
-0.932341
-0.772691
-0.41116
-0.349967
-1.76317
-1.11563
-1.40284
-1.66281
-1.04076
-1.51918
-0.96309
-0.92089
-0.41449
-0.530137
-0.858467
-0.483609
-0.500549
-1.36269
-0.00815852
-1.02021
-0.611029
-1.82158
-0.0642997
-0.972119
-1.00524
-1.65331
-0.619691
-0.27325
-1.52718
-0.0346621
-1.21806
-1.38399
-1.74042
-0.485419
-1.31461
-0.450247
-0.863093
-1.51692
-1.21103
-0.937529
-1.5388
-0.115884
-0.0834453
-0.849272
-0.567319
-1.39559
-1.99183
-0.190042
-0.35937
-1.78627
-1.44191
-0.32753
-0.898671
-0.499514
-0.113371
-1.47509
-0.0899318
-0.109172
-0.702451
-1.32016
-1.29631
-1.06187
-1.2284
-1.77121
-0.914477
-0.944247
-1.85912
-0.671599
-0.551467
-1.32475
-1.57278
-0.174079
-1.18595
-1.60941
-1.11071
-1.3145
-1.38204
-0.93999
-1.25727
-0.846228
-1.14002
-0.0989088
-0.336425
-1.09302
-0.855376
-0.515563
-1.15667
-1.89746
-1.56252
-1.16098
-1.69083
-0.363327
-1.8411
-1.83341
-1.81823
-1.24878
-1.44592
-0.97569
-0.0494921
-1.4884
-1.36616
-0.505007
-0.877051
-1.71327
-0.53768
-1.11531
-0.452799
-0.724978
-1.45352
-1.6552
-0.920629
-1.51512
-0.775948
-0.470265
-1.43509
-0.584024
-1.90584
-1.20215
-1.732
-1.5672
-0.10975
-1.26769
-1.39629
-0.536496
-1.62031
-1.75946
-0.35592
-1.82768
-0.670829
-1.25731
-1.07565
-1.86336
-1.48953
-1.49854
-1.77272
-1.13032
-1.22806
-0.914908
-0.356075
-0.624888
-1.05732
-0.0482768
-0.763035
-1.12625
-0.0683464
-0.326648
-0.00662616
-0.077987
-1.03179
-1.99073
-1.25551
-0.938491
-0.0744402
-0.116414
-0.203488
-0.6881
-1.12205
-1.2561
-1.94176
-0.107697
-1.67452
-0.91448
-1.62648
-1.08277
-1.74539
-1.18251
-1.00624
-0.766481
-1.85041
-1.09041
-0.527384
-0.913447
-1.49737
-0.00438289
-0.201075
-0.033363
-0.687277
-1.89468
-0.682672
-0.998481
-1.07573
-0.697866
-1.41096
-0.919235
-0.659472
-1.3268
-1.76806
-0.883478
-0.552162
-1.73016
-0.627592
-0.198797
-0.611842
-0.798874
-0.616263
-1.53874
-0.420468
-0.0177659
-1.26709
-0.667764
-1.43256
-0.0483444
-1.2841
-0.23691
-1.44754
-0.489249
-0.288333
-1.56386
-1.08971
-0.720237
-0.813844
-0.777068
-0.45247
-0.63297
-1.1713
-1.29714
-1.86992
-0.804867
-0.236848
-1.7445
-0.878269
-1.1761
-0.792217
-0.431867
-0.588095
-0.432187
-0.771259
-0.214506
-0.323329
-0.709897
-0.470755
-1.10335
-1.03895
-0.166763
-1.79909
-0.130598
-0.131079
-1.5818
-1.60126
-1.80618
-0.935996
-0.193368
-1.26737
-0.178958
-1.58716
-1.27283
-1.80703
-1.13329
-0.108857
-0.849909
-1.95255
-1.47424
-1.25109
-0.909526
-1.26667
-0.489822
-1.98993
-1.20771
-1.20895
-0.26808
-0.221963
-0.529797
-0.441548
-0.96838
-0.0410296
-1.22775
-1.43978
-0.383219
-1.49719
-0.0541599
-0.0841753
-0.990737
-1.32491
-0.507742
-1.99209
-1.58794
-0.212577
-1.77358
-1.01782
-1.4981
-0.55408
-1.07649
-0.79505
-0.53302
-0.299537
-0.893385
-1.92767
-0.495566
-0.47347
-1.96753
-1.51716
-1.66043
-0.0899721
-1.61615
-1.44535
-0.337453
-1.47295
-1.32032
-1.94399
-1.53226
-1.37365
-1.9159
-0.505195
-0.823004
-1.16647
-0.175947
-0.165052
-1.17768
-0.0673399
-0.0139175
-1.93397
-1.21915
-0.0549496
-0.722339
-1.01167
-1.29131
-1.26498
-0.363531
-1.52758
-1.86702
-0.919521
-0.346187
-1.35823
-1.10658
-0.071638
-1.83172
-0.677236
-1.83779
-0.0660138
-1.33043
-1.19176
-1.6623
-1.20608
-1.99658
-1.77704
-1.16839
-0.0135624
-0.590608
-1.23325
-1.54002
-1.93404
-0.802154
-1.48062
-1.15458
-1.438
-1.62262
-1.7153
-0.74127
-0.14737
-1.78777
-0.403248
-0.0750035
-1.34948
-0.0487755
-0.466803
-1.87134
-1.06005
-0.0511493
-0.189891
-1.42301
-0.735516
-1.53993
-1.84667
-0.00533344
-1.185
-0.517644
-1.43099
-1.5213
-0.405408
-1.65593
-0.838763
-1.34942
-0.312286
-1.8196
-1.94098
-0.205597
-1.76496
-0.202322
-1.40153
-0.254664
-0.598616
-0.0744796
-1.56833
-1.4315
-1.36608
-1.67273
-1.55825
-0.588679
-0.00512894
-0.182274
-0.940427
-1.4345
-1.30139
-1.69381
-0.66388
-0.633565
-0.547965
-0.418464
-0.579985
-1.68653
-0.343849
-0.692194
-0.945171
-0.325503
-1.6223
-1.82938
-1.02097
-1.00314
-0.357637
-0.246719
-1.1148
-0.9802
-1.67897
-1.77546
-1.24685
-0.423139
-0.0582498
-1.76254
-1.58565
-0.597865
-1.10126
-0.356507
-1.67601
-0.390758
-0.34313
-0.322321
-0.411195
-1.06746
-0.832422
-1.01028
-1.52204
-0.43878
-1.60031
-0.958105
-0.926306
-0.179394
-0.417082
-1.35448
-1.17146
-0.22608
-1.19732
-0.0858284
-1.34041
-0.747893
-0.22711
-0.550893
-1.48508
-0.578876
-0.888446
-1.56399
-0.790605
-1.99959
-1.6942
-1.15982
-0.18382
-0.090547
-0.260408
-0.724875
-1.49454
-1.41475
-1.72955
-1.25058
-0.486889
-1.6439
-1.57319
-1.52185
-0.96211
-1.00289
-1.76864
-0.515061
-1.27639
-1.0913
-0.843221
-1.11467
-0.877486
-0.798795
-0.98639
-1.46626
-1.02625
-1.31178
-1.39543
-0.506941
-1.95685
-0.968507
-1.69595
-1.07449
-1.96126
-0.568094
-0.414592
-0.533567
-1.57397
-0.521472
-1.04794
-1.59311
-0.30133
-0.713211
-1.16319
-1.12786
-1.52204
-0.577576
-1.65325
-0.775993
-1.13438
-0.707118
-1.65218
-1.60034
-0.546231
-1.5958
-1.48226
-0.291775
-1.05482
-1.1897
-0.198469
-0.230096
-0.687449
-0.362793
-1.28121
-0.390545
-0.22206
-0.262675
-1.37773
-1.23717
-0.382005
-0.398153
-0.557225
-1.8561
-0.898093
-1.2514
-1.66691
-0.449219
-0.98897
-0.968
-1.83785
-1.33256
-1.36975
-0.71184
-0.522538
-1.28209
-1.47789
-0.362868
-0.406675
-0.505537
-0.473888
-0.811618
-0.117012
-0.160582
-0.010908
-0.554589
-0.460775
-0.853891
-0.469516
-0.614627
-0.774319
-0.61409
-0.933247
-0.420665
-0.911379
-0.71952
-1.64632
-1.24297
-1.05295
-1.65699
-0.227669
-0.268234
-1.64579
-1.10598
-1.12456
-1.3586
-1.79542
-0.998218
-1.67224
-0.286894
-1.60544
-1.04028
-1.42884
-0.476469
-1.18176
-0.347729
-1.69693
-0.211965
-1.21676
-1.2348
-1.8648
-0.754625
-1.58438
-0.577009
-0.751936
-0.842859
-0.91941
-1.3023
-0.357008
-1.29908
-0.325796
-1.36509
-0.998284
-1.98104
-1.72096
-1.52105
-0.249194
-1.60465
-1.46275
-1.4226
-1.16423
-1.06315
-1.28628
-1.86797
-1.63279
-1.71462
-1.20401
-0.682758
-1.77748
-1.35751
-1.45607
-0.459569
-0.553169
-0.0440294
-0.311632
-0.976837
-1.01685
-1.94531
-0.35694
-1.36676
-0.903491
-1.97142
-1.49809
-1.05002
-0.816933
-0.591961
-0.762308
-0.0948395
-0.938487
-0.729982
-1.89302
-0.175445
-1.97237
-1.09129
-0.822354
-1.33331
-1.12905
-0.023618
-0.457579
-0.823073
-0.485663
-1.16779
-0.781523
-0.354903
-1.4259
-1.8912
-1.83527
-0.167366
-0.0978448
-1.47068
-1.14859
-1.50346
-0.668355
-1.19409
-0.28814
-0.450072
-1.44699
-0.672108
-1.89351
-1.97321
-0.200612
-1.69151
-0.425434
-1.29936
-0.316388
-1.81197
-0.649866
-0.365963
-1.96323
-1.19941
-1.29764
-0.530512
-1.27622
-1.10184
-1.69798
-0.306038
-0.0521609
-0.280688
-1.49637
-1.64954
-0.275648
-1.5192
-1.31042
-1.0199
-1.17298
-1.37449
-1.22151
-0.881904
-0.339562
-1.04515
-0.756712
-1.75058
-1.58916
-1.47266
-1.82183
-0.65527
-0.650652
-1.17967
-1.42807
-1.22558
-1.8865
-0.872795
-1.68418
-1.30223
-1.8044
-1.45112
-1.44206
-1.76037
-0.450887
-0.627244
-1.4861
-0.459349
-1.76924
-1.79256
-1.01812
-0.321067
-1.89627
-1.02993
-0.875255
-1.38801
-1.99354
-1.45501
-1.47614
-1.65247
-0.451263
-0.546203
-1.6268
-0.62184
-1.4194
-0.665826
-1.16835
-1.8051
-1.12569
-1.59517
-1.02932
-0.657916
-1.64568
-1.49934
-1.28534
-1.70546
-1.11505
-0.655466
-1.97863
-0.755664
-1.66655
-0.3476
-1.1672
-0.0692976
-0.490722
-0.449864
-0.241267
-1.68395
-1.79641
-0.996125
-1.13175
-1.05374
-0.987831
-1.56802
-1.22861
-0.582595
-1.3537
-1.1743
-0.767312
-1.79914
-0.867871
-1.62143
-0.244236
-1.27804
-0.953918
-1.61888
-0.642911
-0.278202
-1.64327
-1.93898
-1.49101
-0.271617
-0.979491
-0.726543
-0.574789
-1.06078
-1.40415
-0.592929
-1.72551
-0.761668
-1.08622
-1.55015
-0.713204
-0.131709
-1.79752
-1.90718
-1.23166
-0.929992
-1.74669
-1.50341
-0.534352
-0.627359
-0.751559
-1.94492
-1.55949
-0.341669
-0.0433589
-1.23375
-1.88045
-0.781203
-0.0670787
-1.12164
-1.62574
-1.6677
-1.3436
-1.80959
-0.0822661
-0.572182
-0.378092
-0.655959
-1.8546
-0.392152
-0.174728
-1.38774
-0.969617
-0.65459
-0.730393
-0.148728
-0.822193
-0.328369
-0.992772
-0.182438
-1.21859
-0.928984
-0.73099
-0.410469
-0.810211
-1.77409
-1.19634
-0.170831
-1.84373
-1.5276
-1.60594
-1.84777
-0.301908
-1.31633
-0.563051
-0.540432
-0.0961215
-1.86306
-1.10014
-0.278209
-1.77932
-1.13947
-1.23047
-0.785495
-1.15843
-1.32018
-1.67694
-0.191935
-1.31037
-0.890448
-1.48874
-0.123727
-1.37315
-0.173293
-1.94161
-0.146426
-1.27306
-0.771769
-1.9746
-0.607583
-1.61678
-1.36911
-0.218166
-1.79695
-1.47906
-0.768962
-0.708808
-1.51819
-1.04842
-0.616645
-1.19069
-0.462636
-1.30531
-0.436965
-1.62878
-1.84065
-0.371675
-0.168221
-1.71155
-1.48802
-0.583581
-0.661473
-1.08262
-0.970915
-0.944113
-1.42888
-1.42903
-1.66604
-0.996634
-1.79728
-1.03635
-0.460808
-1.15611
-1.6251
-1.66354
-0.729218
-1.18835
-0.531757
-0.8471
-0.0349882
-1.07329
-0.0910165
-1.50303
-0.768425
-1.75288
-1.93806
-0.499785
-1.29236
-1.56315
-1.29187
-0.385667
-0.212985
-1.78736
-0.989543
-0.317647
-1.11829
-1.2039
-0.904496
-0.573916
-0.394
-0.122017
-1.40457
-1.41217
-1.49667
-1.63838
-0.838415
-0.286452
-0.444062
-0.454794
-0.037695
-1.46664
-0.697568
-1.8098
-1.18377
-1.10823
-0.129333
-1.20576
-1.1341
-1.45421
-0.188439
-0.310494
-0.657471
-1.42272
-1.59192
-0.834221
-0.905412
-1.72288
-0.306125
-1.96783
-0.524211
-1.93807
-0.332497
-0.961046
-1.66502
-0.252965
-0.904254
-1.21288
-0.260403
-0.856145
-1.66183
-1.55284
-0.681737
-0.339083
-0.682339
-1.21308
-1.27632
-0.031542
-1.81041
-0.115168
-0.940912
-1.45083
-0.73671
-0.301449
-1.01417
-0.815769
-0.926866
-1.00108
-1.00817
-1.0234
-1.25836
-1.99423
-1.91214
-1.55419
-0.180054
-1.45608
-1.07507
-1.17597
-0.433503
-1.97501
-0.716357
-0.905158
-1.74469
-0.432003
-0.27221
-0.441412
-0.0353247
-0.441171
-1.45688
-0.0679626
-1.71712
-0.285286
-1.33733
-0.754298
-0.0157
-1.65961
-0.858892
-1.21339
-0.730287
-1.93289
-0.482361
-0.591378
-0.031879
-1.25942
-1.6376
-0.796529
-0.32905
-0.977146
-1.63533
-0.122527
-1.9293
-1.75267
-1.10678
-0.123473
-0.652726
-1.75739
-0.333173
-1.35906
-1.75109
-1.19125
-0.533481
-0.829259
-0.247763
-1.90298
-1.22101
-1.2516
-0.530589
-0.254572
-1.38202
-0.912075
-0.525731
-0.783243
-1.52948
-0.931327
-0.000466104
-0.653632
-1.93735
-1.67538
-1.53822
-1.25697
-1.10768
-0.696543
-1.57875
-0.739219
-1.7652
-0.780849
-0.904945
-0.188324
-1.29803
-0.986351
-0.471909
-0.753363
-0.859655
-0.999485
-0.960742
-1.91082
-0.341348
-1.953
-0.590736
-0.951006
-0.520323
-1.40424
-0.621686
-0.893466
-0.00584314
-0.387296
-1.01143
-0.701627
-0.612107
-0.48593
-0.206898
-1.23296
-0.749327
-1.80581
-1.23607
-1.8754
-0.653284
-1.97981
-1.37943
-0.546029
-0.923543
-0.695061
-1.32523
-0.28878
-1.46297
-1.97993
-0.0717652
-1.37554
-1.72496
-0.711782
-1.13962
-1.84273
-1.18621
-1.44809
-1.3835
-1.89192
-0.190923
-1.12512
-1.04105
-0.293695
-1.73293
-0.415274
-0.585817
-1.15892
-0.0391872
-1.85445
-0.475016
-0.394752
-1.7394
-1.86365
-1.76707
-1.85353
-1.74561
-1.11577
-0.300718
-1.18757
-1.85205
-1.12373
-1.78714
-0.348579
-1.46962
-1.43797
-0.862524
-0.828419
-1.9924
-0.556401
-1.02917
-0.594023
-1.8893
-0.581056
-0.231409
-0.0146357
-1.93458
-1.29541
-1.24801
-0.608709
-0.543317
-0.634286
-0.913898
-0.513456
-1.31978
-1.3744
-1.55395
-0.320291
-1.78921
-1.92249
-1.42361
-0.642501
-1.98044
-0.468138
-1.06209
-1.56631
-0.604396
-1.83948
-1.37033
-0.39874
-0.184938
-1.02014
-0.508543
-0.111722
-0.102127
-1.45953
-1.04725
-0.926598
-0.852447
-0.260565
-0.715731
-0.201713
-0.536986
-1.65455
-0.0276636
-0.839756
-0.775305
-0.888085
-1.41065
-0.47427
-0.136754
-1.47375
-0.504775
-1.50742
-1.30604
-0.185867
-1.11838
-0.500405
-0.524549
-1.89793
-1.69038
-1.68522
-0.356915
-1.51944
-1.81667
-0.209094
-0.687744
-0.95644
-1.5286
-0.509152
-0.975736
-0.37802
-1.48926
-1.91987
-0.350652
-0.339455
-1.25311
-0.273897
-0.901554
-0.147301
-1.6722
-1.96182
-1.79631
-1.18119
-1.80876
-0.421305
-1.40498
-0.234285
-0.164028
-0.369684
-1.93787
-0.331684
-1.8459
-1.03393
-0.0398223
-0.967695
-0.780149
-0.83944
-0.0278691
-0.361158
-1.68975
-0.976682
-0.281941
-0.856814
-0.838558
-0.321587
-0.968179
-1.98859
-0.108902
-1.02982
-1.7633
-0.25302
-1.87615
-1.29872
-1.04928
-0.490633
-0.832054
-1.9074
-0.882056
-1.69764
-1.69376
-1.2547
-0.165596
-1.64031
-0.0831901
-0.154809
-0.333587
-0.183059
-0.530892
-1.65776
-0.454499
-0.0903956
-0.850607
-0.559756
-0.939584
-0.522814
-0.557159
-0.671284
-0.56418
-0.672812
-1.27582
-0.245639
-0.449638
-0.2145
-1.45882
-1.4456
-1.6773
-0.143307
-0.352639
-1.66294
-0.395824
-0.380936
-1.97737
-1.37897
-0.668244
-0.327515
-0.695774
-0.0581427
-0.611295
-1.5804
-1.18345
-1.73995
-1.54592
-0.36461
-0.546128
-0.695538
-0.702174
-1.19729
-1.12228
-0.287646
-0.139417
-0.780688
-1.46245
-0.399963
-1.22007
-0.740245
-1.18976
-0.345473
-0.201466
-0.800957
-1.83354
-1.27541
-1.28594
-0.289521
-0.412648
-1.4828
-0.440777
-0.519877
-1.13371
-1.66148
-0.160786
-0.677853
-0.304425
-1.64988
-0.800923
-0.705114
-1.80095
-0.241851
-0.0857707
-0.560245
-0.938794
-0.43525
-0.257945
-0.514273
-1.24158
-1.71494
-1.1414
-1.77965
-1.62974
-0.0487224
-0.563609
-0.471273
-0.301676
-1.54884
-0.736339
-0.237809
-0.990228
-1.90771
-1.7849
-1.90406
-1.16164
-1.62591
-0.323881
-1.1034
-1.42235
-0.176724
-0.852302
-0.275997
-0.438619
-1.37307
-1.24039
-1.20171
-1.88572
-0.259688
-1.84426
-1.20831
-1.51709
-0.706937
-0.836498
-0.694309
-1.76024
-1.71079
-1.34805
-0.346413
-1.6633
-0.95632
-1.1514
-1.49097
-1.45488
-1.45293
-1.95248
-0.943334
-1.36507
-0.944866
-0.365453
-0.979942
-1.0345
-1.87608
-0.135001
-0.808563
-1.49484
-0.651182
-0.630308
-0.562892
-0.686776
-0.374324
-0.0724554
-1.11304
-1.56753
-0.377033
-0.841918
-0.706776
-0.906325
-1.1051
-1.77776
-1.85831
-1.54557
-1.85844
-1.84876
-1.45592
-0.00269743
-0.863732
-0.461444
-0.545165
-0.915192
-1.49184
-0.373796
-1.12629
-1.29702
-0.119629
-1.93019
-1.14402
-1.65563
-0.910972
-1.3332
-0.194358
-0.963901
-1.28219
-1.89445
-1.61242
-1.16377
-0.370523
-1.86661
-0.941982
-0.608336
-0.69542
-0.21873
-0.567706
-0.914004
-0.663193
-0.69512
-1.71163
-1.08708
-1.76749
-1.42261
-0.631535
-1.37316
-0.111721
-0.838537
-0.81029
-0.00328699
-0.62448
-0.64016
-1.73518
-1.15068
-0.897182
-0.650249
-0.812252
-1.47143
-1.81728
-0.307993
-0.511861
-1.50114
-1.09624
-1.50604
-0.242712
-0.954788
-1.31844
-0.0457972
-1.1308
-1.56517
-0.518611
-1.13368
-0.853176
-1.4109
-1.73312
-0.113673
-0.539705
-1.70642
-0.3089
-1.87119
-1.525
-0.215566
-0.329214
-1.07242
-0.938302
-1.21882
-1.96395
-0.70345
-1.83345
-0.181672
-1.06646
-0.94004
-1.71136
-1.98705
-1.68707
-1.49398
-0.133874
-1.15075
-1.65078
-0.492619
-0.671171
-1.0251
-1.53452
-0.31571
-1.06837
-1.29105
-0.679138
-1.44386
-0.876041
-1.40293
-1.54117
-1.4668
-0.564434
-1.59346
-1.86616
-0.0511499
-0.113962
-0.545145
-1.66986
-1.9032
-1.51804
-0.942331
-1.39128
-1.37738
-1.79254
-0.0585877
-1.06411
-1.38802
-1.3509
-0.303376
-0.0593486
-0.0751508
-1.70382
-1.92443
-0.647911
-1.80546
-0.00298386
-1.7576
-0.429394
-0.0821762
-1.76343
-0.820615
-1.68881
-1.7229
-0.240325
-0.803847
-0.980168
-1.60127
-1.88203
-1.82052
-0.365557
-1.616
-0.38037
-1.6048
-1.32292
-1.10953
-1.41571
-0.834513
-0.890043
-1.66615
-0.356356
-1.71723
-1.48379
-0.422827
-1.27726
-0.495385
-0.872049
-1.98123
-1.48013
-0.320148
-0.14959
-0.749537
-0.672093
-1.45009
-1.58701
-0.475804
-1.47022
-1.28789
-1.73412
-0.458513
-1.30586
-1.51635
-0.633486
-0.579854
-1.4043
-0.952408
-0.505698
-1.9463
-0.716183
-1.24929
-0.625602
-1.76856
-1.22544
-0.872415
-0.890744
-0.231956
-0.555609
-0.520207
-0.142434
-1.03426
-0.228376
-0.617886
-0.693871
-1.39722
-0.104618
-1.81464
-0.424453
-0.289177
-0.480536
-0.574266
-0.529809
-1.96728
-0.655347
-0.3159
-1.09802
-0.995299
-1.3097
-0.530041
-0.869936
-1.52259
-0.282428
-1.10077
-1.13995
-0.394328
-1.97071
-0.810781
-0.890057
-1.82491
-0.697916
-0.50034
-1.12394
-1.06395
-1.47762
-0.611212
-0.160222
-1.70645
-1.951
-1.24403
-1.28216
-1.72211
-1.33649
-0.572176
-1.90873
-0.00525828
-1.60201
-1.08564
-0.707315
-1.4245
-1.26509
-1.48293
-0.0832302
-1.55803
-0.282666
-0.323139
-0.370129
-0.728927
-1.66058
-1.87296
-0.486929
-0.209033
-1.53261
-1.7526
-0.0281715
-0.951562
-0.660439
-0.424587
-0.132789
-0.856932
-0.423599
-1.80812
-1.70482
-0.550073
-1.32305
-1.17975
-1.20961
-0.656419
-1.99357
-1.43496
-1.3142
-1.62019
-1.41397
-0.523191
-1.7513
-0.308952
-1.86157
-1.94164
-1.47203
-1.13196
-1.08079
-0.954759
-1.7254
-1.6144
-1.45216
-0.795873
-0.52723
-1.91599
-0.641397
-1.34674
-0.43031
-1.90406
-0.863711
-1.34824
-1.66429
-1.36962
-0.118074
-0.39775
-0.458173
-0.299855
-0.386385
-0.96367
-1.29422
-0.332143
-0.597782
-1.66075
-1.60689
-0.963447
-1.3181
-1.84769
-1.31715
-1.24828
-0.0288305
-1.04749
-1.16858
-1.85591
-0.287202
-1.93804
-0.902692
-0.865632
-1.5887
-0.371376
-0.938951
-0.593424
-0.0692107
-0.954823
-0.241834
-1.54296
-0.844975
-0.657412
-0.510522
-1.89253
-1.5807
-1.58693
-1.62547
-0.472277
-1.43552
-0.76576
-0.10847
-1.27432
-1.26594
-0.36533
-0.736592
-0.299032
-1.36328
-1.04843
-0.261103
-1.10512
-1.10604
-0.241143
-1.88254
-1.52332
-1.17128
-1.68828
-0.508569
-0.390991
-0.305618
-0.539837
-1.96667
-0.0608848
-1.70308
-1.48959
-1.20997
-1.71256
-1.05514
-1.34151
-1.79096
-1.90103
-1.87184
-1.43364
-1.7937
-1.66866
-1.08196
-1.52474
-1.32584
-1.86796
-0.818609
-1.55065
-1.99447
-1.74176
-0.184978
-1.28514
-1.94475
-1.56815
-1.62483
-0.0120368
-0.567132
-1.55584
-1.22886
-0.38295
-1.8626
-1.17568
-1.18012
-1.65891
-1.81177
-1.28427
-0.469413
-0.985097
-1.57492
-0.109969
-0.837035
-1.03781
-1.57604
-1.83594
-1.42356
-0.196997
-1.26412
-1.0726
-1.25086
-0.0682634
-1.51438
-0.21438
-0.968515
-1.02849
-0.992452
-1.65404
-1.43311
-0.898672
-1.26881
-1.96344
-0.911027
-1.32705
-0.889811
-0.486394
-1.72887
-1.68418
-1.02784
-0.521277
-0.0433389
-1.78908
-1.78777
-0.985316
-0.295331
-0.851683
-1.97066
-1.08098
-0.643224
-0.865022
-0.11172
-1.99034
-1.15043
-1.88349
-0.780156
-1.16371
-0.964558
-1.41426
-1.39908
-1.17645
-0.962645
-1.38928
-0.325273
-0.675741
-1.51447
-0.751515
-0.663344
-0.0324962
-0.844284
-0.0949027
-1.90399
-0.0143251
-1.65862
-0.950301
-1.28898
-0.910419
-1.34386
-1.50677
-0.0374683
-0.962177
-0.573098
-1.75202
-1.546
-0.722559
-0.996638
-1.88673
-1.73339
-0.768386
-0.0603692
-0.987858
-0.579412
-1.23386
-1.68677
-1.47621
-1.07147
-0.120631
-1.04776
-0.496114
-0.452393
-0.891069
-0.885099
-0.240238
-0.254914
-0.812734
-0.346208
-1.53709
-0.480798
-1.67648
-1.55918
-1.51164
-1.80818
-0.259016
-0.573881
-1.88006
-1.3231
-1.25479
-1.42757
-0.684394
-0.70652
-1.96658
-0.371414
-1.45246
-1.24951
-1.70842
-1.07935
-0.786985
-1.68231
-1.71747
-1.59822
-0.132323
-1.03947
-0.58457
-1.47464
-1.06255
-1.89985
-1.06639
-1.05937
-1.73562
-0.386966
-0.303214
-0.408308
-1.46377
-0.301554
-0.938992
-1.71917
-1.22013
-1.38868
-1.16661
-1.12779
-0.350593
-0.326715
-1.23719
-1.01282
-1.75102
-0.728685
-1.09974
-0.149046
-0.531882
-0.985392
-1.93083
-1.19044
-1.27256
-0.519613
-0.495701
-0.649015
-1.07988
-0.671292
-0.782433
-0.0433736
-1.09577
-1.46058
-0.440607
-0.217415
-1.95155
-0.142781
-0.0701658
-0.786822
-1.75297
-1.30296
-1.59008
-0.295102
-0.445658
-1.34356
-0.449602
-0.314918
-0.498238
-1.81741
-0.103786
-0.594646
-1.02599
-1.96177
-1.91033
-1.26181
-1.98506
-1.10873
-0.390612
-0.0756505
-1.86123
-1.11341
-0.136045
-1.30261
-1.71612
-1.7267
-1.25452
-1.47949
-0.449485
-0.305352
-1.26589
-0.954544
-0.325261
-0.819822
-0.103682
-0.993252
-1.2465
-0.566958
-1.33181
-0.269609
-0.305808
-1.5492
-1.54625
-0.90976
-1.80292
-0.648857
-1.5257
-1.3496
-0.73562
-0.537487
-1.56969
-0.228169
-0.174786
-1.70007
-0.246084
-0.898796
-1.74769
-0.188917
-0.659978
-0.149021
-1.16405
-1.00115
-1.46058
-0.183738
-1.67483
-0.199921
-1.11969
-0.409104
-0.142167
-1.43275
-0.234169
-1.3821
-0.954121
-0.49436
-1.00571
-1.07401
-1.52098
-0.144387
-1.76445
-0.918677
-1.00703
-0.834516
-1.98667
-0.468549
-0.513621
-1.93918
-0.854255
-1.66862
-0.918984
-1.31064
-1.20087
-0.7916
-1.51284
-1.46757
-1.43879
-1.50571
-0.627593
-0.153054
-0.60425
-0.619898
-0.524383
-0.737941
-0.0485819
-0.569589
-1.57978
-1.11162
-1.95425
-1.59223
-0.0805792
-1.10526
-0.700076
-1.23302
-0.970562
-0.443704
-1.73508
-1.88205
-0.523626
-0.970796
-0.304231
-0.00786327
-1.84806
-0.567835
-1.46823
-0.0625099
-0.891616
-1.26986
-0.0311982
-0.175446
-1.60633
-0.607083
-0.52535
-0.607011
-1.84151
-1.9951
-0.390436
-1.05243
-0.463395
-1.70473
-1.47424
-1.34359
-1.56691
-1.22298
-1.37446
-1.20096
-0.822187
-1.53242
-1.74843
-1.73667
-0.125102
-0.229448
-0.223923
-1.78759
-1.806
-0.583368
-0.953275
-1.83054
-0.307323
-1.62384
-1.33918
-0.792656
-1.78885
-1.778
-1.09173
-1.1999
-1.61602
-1.87357
-0.761843
-1.45205
-0.62167
-0.00344763
-1.78928
-0.440546
-0.674257
-0.897691
-1.4778
-0.541551
-1.60451
-1.58498
-0.596842
-1.50944
-0.352703
-0.779994
-1.33794
-1.4848
-1.0414
-1.22766
-1.43573
-0.874212
-0.734536
-1.3878
-0.122404
-0.0859227
-1.69426
-1.99579
-1.18141
-1.33639
-1.82441
-0.104727
-0.265171
-0.244218
-0.982145
-0.758958
-0.216559
-0.709094
-0.023046
-0.524551
-1.60955
-1.05497
-1.78923
-1.41271
-0.353665
-1.29717
-0.546706
-1.6491
-0.574456
-1.55322
-0.488987
-0.0674429
-1.82469
-0.566315
-1.00844
-1.48131
-0.361638
-1.18106
-1.34426
-0.687712
-1.33458
-1.42089
-0.909079
-0.0106102
-0.799867
-0.549995
-0.848474
-1.25328
-1.1465
-0.665489
-0.246562
-1.60324
-1.6835
-0.193287
-0.441553
-1.107
-0.88098
-0.609798
-1.65907
-1.74348
-1.2163
-1.51778
-0.694458
-0.241568
-1.60729
-1.12783
-0.288984
-1.41418
-0.482191
-1.76136
-1.95763
-0.0365426
-0.880237
-0.473783
-1.95515
-0.921336
-0.98826
-0.405809
-1.33521
-1.05942
-0.902165
-1.38313
-0.423858
-1.15619
-1.14616
-0.0523496
-0.815533
-1.78495
-0.177367
-1.21464
-1.07032
-1.23676
-1.8498
-0.966129
-1.34593
-1.25118
-1.74283
-1.46732
-1.19574
-1.32119
-0.424034
-1.01568
-0.45312
-1.82873
-1.00458
-0.449402
-0.484243
-1.96499
-1.08917
-0.116871
-1.90385
-1.04426
-1.11916
-0.623552
-0.87056
-1.70549
-0.261974
-1.78708
-1.77954
-1.85314
-0.726173
-1.80755
-1.65491
-0.942375
-1.59091
-0.0678642
-0.919962
-1.61901
-1.86608
-1.38106
-1.58094
-0.451941
-1.91489
-0.531991
-1.05483
-0.333608
-0.247648
-0.765404
-1.24272
-1.62158
-1.79801
-1.46012
-1.56554
-0.287455
-1.44834
-0.348833
-1.50856
-1.42627
-0.626506
-0.445721
-1.15461
-1.03331
-1.09255
-0.161013
-0.498562
-1.66238
-0.704393
-0.292093
-1.31204
-0.471557
-1.90108
-1.18627
-0.490508
-1.02356
-1.47689
-1.95098
-0.690719
-0.176157
-0.479366
-0.984137
-1.32146
-0.878502
-1.16778
-0.282932
-0.870383
-0.306508
-1.89194
-0.495364
-1.37447
-0.604842
-1.89651
-1.55296
-1.32953
-0.0489445
-1.47162
-0.451494
-1.76685
-0.879891
-1.7186
-0.905992
-0.368164
-0.278544
-1.83501
-0.276114
-0.00383123
-1.24905
-1.98242
-0.763041
-1.69269
-0.902714
-0.267285
-0.696556
-0.730362
-1.04728
-0.821133
-0.206514
-0.176851
-0.681073
-0.213362
-0.618851
-0.895585
-0.211097
-0.800667
-0.889242
-0.61367
-0.477097
-0.680532
-1.11038
-1.87435
-0.408788
-1.54594
-0.0538011
-1.69066
-0.977305
-0.739142
-0.96913
-1.67212
-1.78281
-0.894064
-0.169898
-0.95051
-0.535666
-0.570146
-1.01716
-1.87485
-1.36896
-0.842639
-1.92539
-1.11948
-1.5012
-0.913752
-0.0944352
-1.08366
-1.41452
-0.358493
-0.207412
-0.707034
-0.525024
-0.514881
-1.81255
-1.95573
-0.783392
-1.81391
-1.13759
-1.43065
-1.96801
-0.34437
-0.309992
-1.10143
-1.86133
-1.09613
-1.59214
-1.2512
-0.0726364
-0.582039
-0.494769
-1.53757
-1.28263
-1.00935
-0.534927
-1.97575
-1.47357
-0.392352
-1.24601
-0.547972
-1.30257
-1.15296
-0.785067
-1.78558
-1.36637
-1.30354
-0.862462
-1.67549
-0.235092
-1.55895
-1.07374
-0.402043
-0.620335
-1.21595
-1.90723
-1.49347
-0.750482
-1.83601
-0.571685
-0.741485
-1.69089
-1.57526
-0.906496
-0.846145
-0.195979
-0.876336
-0.816617
-0.12522
-0.330935
-0.453844
-0.196345
-0.750739
-1.02887
-1.9754
-0.232317
-1.65833
-0.797021
-1.35627
-0.416773
-1.27785
-0.375118
-1.03877
-1.35486
-1.19712
-1.7663
-0.394364
-1.56288
-0.659917
-1.07949
-0.184369
-1.98723
-0.194426
-0.544351
-1.18232
-0.834821
-1.0959
-1.95115
-0.941189
-1.43724
-1.47319
-1.84536
-1.82822
-0.819272
-1.39493
-0.462462
-1.53234
-0.500899
-0.144736
-0.00918996
-1.75782
-0.327768
-1.71918
-0.352567
-1.25503
-0.528871
-0.482234
-1.08184
-1.67199
-0.538234
-0.543174
-0.368694
-1.23608
-0.889858
-1.27376
-1.37896
-0.952777
-0.354773
-1.314
-1.92893
-1.80659
-0.681301
-1.3618
-0.116409
-1.68999
-0.928487
-0.977356
-0.661937
-1.25868
-1.38635
-1.63482
-0.00499991
-1.62291
-1.14014
-1.85408
-0.637335
-0.6138
-0.699257
-1.08135
-1.28452
-0.0304653
-1.01351
-0.737079
-1.51141
-1.74742
-0.912732
-0.772629
-1.88
-0.696524
-1.81143
-0.633056
-0.243146
-1.95757
-0.119261
-1.85888
-1.48868
-1.3415
-0.483814
-0.897967
-1.24326
-1.5986
-0.274151
-1.46348
-1.50656
-0.25999
-1.99284
-0.617464
-0.637907
-0.247425
-0.0245055
-0.891577
-1.45023
-0.261271
-1.87528
-0.174905
-0.648612
-1.07752
-0.29183
-1.92186
-0.174049
-1.25224
-1.3703
-1.41234
-0.249669
-1.02097
-0.534187
-0.607173
-0.130095
-1.48261
-1.673
-0.542921
-1.48214
-1.36361
-0.93314
-0.697958
-1.84975
-0.124725
-1.08087
-0.0525784
-1.78552
-1.6547
-0.0538305
-0.0899388
-0.540943
-0.869263
-0.308023
-0.29714
-0.312845
-0.928
-0.885024
-1.26642
-0.462639
-1.73579
-1.77139
-0.931161
-1.36105
-1.02284
-1.25136
-0.528013
-1.31875
-0.0371357
-0.420677
-1.8628
-1.15504
-0.103724
-1.04047
-1.95367
-1.15133
-0.0910067
-1.1996
-1.48614
-1.09231
-0.121483
-1.23238
-1.44828
-1.80003
-1.85033
-0.86956
-0.18177
-1.2757
-0.581937
-0.952968
-0.443749
-0.530518
-1.37444
-0.985205
-0.357393
-0.626259
-1.56975
-1.04495
-0.0739218
-1.65856
-0.197394
-0.0290183
-1.69854
-1.48208
-0.388441
-1.75387
-1.89793
-0.665405
-1.9939
-0.0225949
-1.17711
-0.997513
-1.21672
-1.18569
-1.25678
-1.0311
-1.57314
-1.42453
-0.203485
-1.27827
-0.0721271
-0.484028
-1.58039
-1.24784
-1.46542
-1.54501
-0.0418746
-0.293527
-1.2137
-1.0313
-0.99207
-1.39756
-1.13205
-1.07699
-1.45029
-1.95846
-1.86033
-1.48981
-0.578327
-1.91703
-1.47127
-0.197305
-1.24006
-0.171791
-1.53899
-1.13991
-1.37683
-1.47789
-1.69831
-0.934595
-0.924378
-1.77733
-1.47682
-1.95148
-1.15965
-0.19597
-0.873354
-0.23462
-0.631737
-0.104469
-1.79307
-1.97944
-1.7174
-0.942963
-0.437539
-0.621416
-0.186181
-0.0654368
-0.32701
-1.56513
-0.029309
-1.69097
-1.28827
-1.63662
-0.651871
-1.4329
-1.11774
-0.427878
-0.729021
-0.366601
-0.0838806
-0.706615
-1.89963
-1.99611
-0.519268
-1.28963
-1.286
-0.639643
-1.66161
-1.6821
-1.44529
-1.52297
-1.56133
-1.46545
-1.2495
-1.23816
-0.424906
-0.993122
-1.16449
-1.62083
-0.355869
-1.2881
-0.652764
-1.83418
-1.63946
-0.937953
-0.444259
-0.901669
-1.15128
-0.131245
-1.01297
-1.09233
-0.182022
-0.259888
-1.11313
-0.00213906
-0.393315
-0.9056
-1.54362
-0.434255
-1.07151
-1.4497
-1.30531
-1.95972
-1.79677
-1.76984
-1.11061
-0.0744818
-0.618352
-1.52071
-0.0418352
-1.76482
-0.489566
-0.220093
-1.88949
-0.498581
-0.651061
-0.588972
-0.477958
-1.98734
-0.921113
-1.61409
-0.273458
-1.22841
-0.943063
-0.110433
-1.97809
-1.07205
-1.63743
-1.57175
-1.13915
-0.908175
-1.49212
-0.978136
-0.502075
-0.0556849
-0.536061
-0.0415205
-1.33048
-0.247394
-1.22327
-1.69823
-0.341135
-0.256614
-1.40219
-1.32473
-1.67628
-0.912365
-0.0724547
-0.271278
-1.00289
-1.74824
-1.87301
-1.11352
-1.18422
-0.697731
-0.493516
-1.44597
-0.575712
-1.20567
-1.22517
-0.294094
-1.56316
-0.551735
-0.101653
-1.76171
-1.41162
-1.24656
-1.57729
-0.085275
-0.325963
-0.778812
-1.19237
-1.21243
-0.768903
-1.35228
-0.114557
-0.708454
-0.154807
-0.624225
-0.679192
-0.532253
-0.941777
-0.139716
-1.25755
-0.354744
-0.852646
-1.07638
-0.645293
-1.77411
-0.522577
-1.15648
-1.50451
-1.06665
-0.887846
-0.9549
-1.01309
-1.74176
-1.60988
-0.73668
-0.394751
-0.448273
-1.60372
-1.94366
-0.525089
-1.65577
-1.54245
-0.392332
-1.70591
-0.446838
-0.833712
-1.52275
-0.746338
-1.38152
-0.278337
-0.420011
-0.22062
-1.76236
-0.0549948
-0.535504
-0.613964
-1.31624
-1.21703
-0.414601
-1.70504
-0.0486453
-0.927025
-1.03437
-0.0969989
-0.57487
-1.10592
-1.5454
-1.88522
-0.23418
-1.729
-1.09489
-1.96486
-1.69218
-0.288107
-1.61344
-0.369407
-1.60957
-1.62227
-0.233082
-0.217539
-0.209598
-0.725271
-0.0285858
-1.42698
-1.8715
-0.612712
-1.57121
-1.81421
-1.5648
-0.547079
-1.48409
-1.0505
-1.99512
-0.17605
-1.40093
-0.650982
-1.02679
-0.906416
-1.38324
-1.51317
-1.02787
-1.25074
-1.95622
-0.14159
-0.102939
-1.83814
-0.78615
-1.39044
-0.835883
-1.55619
-1.07677
-0.101387
-0.284323
-0.593084
-0.5979
-0.445586
-1.13632
-1.4482
-1.58164
-1.45216
-1.52618
-0.2374
-0.21837
-1.14638
-0.9405
-1.39454
-1.34832
-1.74699
-0.21056
-1.60034
-0.472369
-1.16217
-1.7044
-0.623975
-0.755538
-0.70877
-0.0424712
-1.73601
-1.15038
-1.62248
-0.152631
-1.18189
-1.31681
-1.5896
-1.21224
-1.38783
-0.0343903
-1.57484
-0.0547837
-0.222122
-0.373697
-1.65263
-1.84911
-0.837095
-0.446398
-0.625577
-1.36829
-1.89728
-1.09713
-1.14868
-1.05857
-0.0825714
-0.228333
-1.96827
-1.74133
-1.11828
-1.61133
-0.524265
-1.92689
-0.134948
-1.11923
-1.52159
-1.6022
-0.587381
-1.53858
-0.903137
-1.9704
-1.31455
-0.695818
-0.9271
-1.57595
-0.143845
-0.145524
-1.97886
-0.352691
-1.91835
-1.89191
-0.953977
-1.31732
-1.80001
-0.43584
-0.793071
-1.59571
-1.61353
-1.05573
-0.85718
-0.632615
-0.229636
-0.812865
-0.175384
-1.63253
-0.284912
-0.674755
-1.25561
-1.59154
-1.35324
-0.549371
-1.61386
-0.903505
-1.24658
-1.886
-1.08038
-0.756072
-1.79548
-0.175135
-1.1703
-1.07375
-1.86291
-0.0737778
-0.987108
-1.00548
-1.35151
-0.690016
-1.13466
-1.93217
-0.289321
-0.26328
-1.5811
-0.439753
-0.607256
-1.53004
-0.582829
-0.753019
-1.19633
-1.7105
-0.536645
-0.0930105
-0.185088
-0.343576
-0.0542023
-0.413173
-1.6301
-1.26436
-1.43414
-1.74754
-1.64793
-0.92086
-0.835655
-0.0745036
-0.094153
-0.428823
-0.767402
-1.3654
-1.83049
-1.6665
-1.09218
-0.502211
-1.69685
-1.36411
-0.182351
-1.65431
-0.951367
-0.515978
-1.95589
-1.48399
-0.712404
-0.120989
-1.86998
-1.39685
-1.64556
-0.165598
-0.946737
-0.0457236
-1.89712
-0.106917
-0.909308
-1.24447
-1.90917
-0.651294
-1.30656
-1.49662
-0.838752
-1.52019
-0.917577
-1.88104
-1.96351
-0.973461
-0.442598
-0.895649
-1.80053
-1.07364
-0.471118
-0.578749
-1.65125
-1.60317
-0.974687
-0.308105
-0.140848
-0.672862
-1.91043
-0.834696
-1.1486
-1.31172
-0.105594
-0.106868
-0.824634
-0.458956
-1.43145
-0.111933
-0.0222092
-1.05996
-1.20221
-1.96492
-1.98365
-0.74669
-0.963114
-1.62423
-1.77434
-0.521159
-0.773077
-1.29122
-0.0498073
-1.5334
-0.319699
-0.656056
-1.74634
-0.519526
-1.42242
-0.0691663
-1.61982
-0.538789
-0.667371
-0.10792
-0.0298767
-1.10538
-0.601994
-1.88664
-1.77107
-1.79572
-1.51631
-1.56644
-1.04275
-1.29251
-1.78118
-1.55496
-1.19545
-0.254718
-0.320905
-0.111903
-1.43172
-1.97987
-0.164691
-0.141744
-0.302183
-1.12416
-0.781379
-0.928293
-1.39137
-0.806157
-0.0793539
-0.366147
-1.66429
-1.47021
-0.278572
-0.478502
-0.795854
-0.974473
-0.454306
-1.96624
-0.173528
-0.314144
-0.117142
-0.641289
-0.832193
-1.24753
-0.933336
-0.710124
-1.62587
-0.507281
-0.269751
-1.3882
-0.851386
-0.588163
-1.70025
-1.82626
-1.69652
-1.34774
-1.84057
-0.183485
-1.52997
-1.90518
-1.38167
-1.73788
-1.74828
-1.3542
-1.96629
-1.96932
-1.86056
-0.487075
-0.334233
-1.56461
-0.242012
-1.70716
-1.813
-1.86504
-0.742404
-0.419869
-1.93519
-0.126371
-0.13831
-0.418485
-0.735594
-0.814421
-0.999863
-0.476068
-1.088
-0.156891
-1.8709
-1.07197
-1.76503
-1.14082
-0.938349
-1.91699
-1.01094
-0.289694
-0.257624
-0.792938
-0.129691
-1.22312
-0.917186
-1.49978
-1.15565
-0.651036
-1.48704
-1.66584
-0.0486319
-1.25351
-0.23468
-0.776926
-1.38973
-1.13566
-1.48945
-0.511378
-1.10085
-1.95258
-0.101268
-0.532774
-0.251542
-0.984535
-1.51896
-1.17083
-0.624096
-0.950992
-0.799588
-1.93026
-0.663434
-0.271352
-0.724042
-1.80756
-0.309609
-1.37437
-1.55079
-1.08644
-1.22253
-1.77964
-0.460451
-0.217268
-0.514123
-0.276075
-0.470873
-0.634413
-1.66072
-0.861226
-0.258853
-0.438192
-1.71378
-1.31742
-0.847527
-0.938211
-0.0262858
-1.89209
-0.0920829
-1.32391
-0.74346
-0.443839
-1.10205
-1.71255
-0.000840562
-0.600674
-1.38239
-0.869775
-0.514383
-0.319891
-0.0540105
-1.58544
-0.241582
-0.732438
-1.63334
-1.59488
-1.71103
-0.436167
-1.49158
-1.21337
-0.897306
-0.484
-0.354605
-1.82112
-0.136819
-1.75302
-1.05236
-1.12438
-1.88961
-1.90444
-1.96732
-1.98591
-1.06972
-1.503
-1.71835
-0.0387196
-1.39962
-0.335022
-1.57417
-1.92921
-1.27506
-0.564277
-0.367123
-0.0739114
-0.910407
-0.331596
-0.621136
-1.31842
-1.28917
-1.228
-1.79145
-1.39141
-1.98063
-1.0011
-1.53187
-1.65005
-0.958499
-1.21455
-1.72899
-1.25637
-1.14887
-1.99499
-0.77286
-0.0337852
-0.403376
-1.82657
-1.29399
-0.235795
-0.167405
-1.0434
-1.47217
-0.116925
-0.75323
-0.964582
-0.0614045
-1.9536
-0.612018
-1.00636
-1.96459
-0.265953
-1.6842
-0.480691
-1.19116
-1.1051
-1.6662
-0.901585
-1.11866
-0.63268
-1.37029
-0.786542
-0.315472
-0.596814
