0.128086
0.790803
0.667648
-0.0337122
0.611354
0.825581
0.63518
-0.675038
-0.707554
0.0740617
-0.170977
-0.204436
-0.632115
0.40445
0.716402
0.374204
0.34463
-0.245462
-0.73777
-0.484877
0.602559
2.79318
1.03233
-1.00294
-0.751486
1.39796
1.75333
1.52114
0.507353
0.536377
0.990965
-0.28326
0.274131
1.25905
-0.250226
0.384618
1.43679
0.338172
0.667823
-0.743082
0.613044
-0.398749
1.34079
-0.182056
-0.262606
1.51625
0.956587
0.24534
2.25338
-0.0779159
1.27747
0.966785
-0.25347
-0.742252
0.275419
0.813675
2.36005
0.735253
1.42261
0.886211
1.83196
0.251411
0.715024
0.207614
-0.760333
0.178424
0.572082
-0.617837
0.0428553
-0.304085
1.37207
0.71971
1.43557
0.0728582
0.445015
0.202085
0.408672
-0.765534
0.0403201
1.09999
0.84863
1.09782
1.2475
-0.201283
0.263212
0.928563
1.57674
-0.352981
0.0510292
-0.56812
0.297387
0.373834
0.962437
-0.068552
1.4109
0.0284191
0.929563
-0.496664
1.09072
0.130159
0.705804
1.44366
0.724056
0.377059
1.64778
-0.563508
-0.186474
0.812797
0.34821
1.26791
0.303897
1.01939
0.651831
1.50374
0.259816
1.94388
-0.249711
0.933885
1.75594
-0.332881
1.69751
1.7138
0.562359
-0.446074
0.62871
0.444306
-0.0172799
0.966615
0.0881123
0.946064
0.639196
1.74373
0.5291
1.32857
0.326308
-1.04205
0.939685
-1.06956
0.452908
-1.02023
2.23421
-0.0622268
-1.42421
0.237689
0.593019
1.98779
0.441511
-0.0345379
1.21852
0.350755
0.546245
-0.255111
1.65262
1.80578
1.30632
0.931686
1.01869
2.27102
0.921821
-0.401153
0.529584
-0.34333
1.56511
2.12831
0.500812
0.502751
0.77235
0.773958
0.550073
0.517693
0.878504
0.684922
2.84544
-0.731129
0.845993
1.23976
-0.684084
1.45856
0.644715
0.190929
-0.583265
0.129229
-0.298939
0.745369
1.06132
0.905884
0.541249
-0.39944
1.73258
0.439765
1.10294
-0.0834531
0.0794598
0.0582724
0.471455
-1.5676
0.931084
0.281635
0.703013
0.136356
0.49366
0.337032
0.858756
0.462891
-0.220022
0.512404
1.23299
-0.833069
0.843626
0.680546
0.50913
1.2429
0.60061
1.26311
0.224741
1.11615
0.638926
1.68513
-0.723262
-0.854095
-0.305831
-0.625887
1.41258
0.334611
-0.723215
0.135379
0.991772
0.924201
-0.319807
-0.0388066
0.241973
0.582196
1.18018
-0.465422
1.5327
0.520971
-0.450804
-0.177033
0.548825
0.980756
-0.204593
0.575771
0.172827
1.40955
0.771086
1.10095
1.25426
0.698034
0.146283
-0.501875
0.038905
-0.0408366
0.964722
1.56696
-0.0555949
-0.0708688
0.200409
1.05839
0.683435
1.09246
0.370574
0.202165
0.466303
1.23764
1.26542
0.969999
1.44164
-0.413848
1.07738
0.885744
-0.581562
1.78093
-0.199501
0.0360243
0.326169
1.19928
0.363856
1.05359
0.940478
1.60745
0.641997
0.503193
0.258748
0.929336
-0.847307
1.06805
0.703011
0.38661
0.315761
-0.0560186
-0.145342
-1.01173
0.668195
-0.594246
0.736914
0.362435
0.62549
0.917679
-0.0192959
0.338306
1.53031
-0.200836
0.744607
0.252235
-0.338257
0.0648977
0.271835
2.00724
0.068918
0.520604
1.07766
-0.306297
0.258323
1.41606
-0.0949929
-0.855704
0.909623
0.989225
-0.303602
0.538293
0.423423
0.0307928
0.760375
1.96286
1.18297
1.15159
-0.517859
1.72344
1.59157
0.00213625
0.247677
0.256722
0.698217
0.0655745
0.0179462
1.31544
-0.0915484
-0.417173
0.45543
1.29565
1.89619
1.18448
-0.516213
-0.848299
0.228998
1.60523
1.49928
1.14433
1.45608
0.0826584
0.419466
1.32638
0.554043
-0.228953
1.0277
1.30085
0.219032
0.216673
0.740315
1.38595
-0.273415
0.886761
0.115192
0.800863
-0.117349
1.69278
0.0907443
0.0137264
0.426393
0.618867
0.744076
0.780647
1.56652
0.536258
0.585341
-0.0526056
1.44112
1.32622
0.422109
0.0771823
-1.36416
1.11731
0.46548
0.372529
-0.892528
0.730486
0.857726
0.739576
-0.773869
1.65335
-0.182369
-0.53342
0.85238
0.883382
2.33972
1.14181
0.69277
-0.481412
-0.14216
0.742374
-0.8954
-0.381086
-0.322096
0.343716
-0.0271234
1.12178
1.44453
-0.294228
0.970178
1.35297
-0.285391
0.371824
-0.144812
0.0546647
1.15576
-0.696234
2.00012
1.57324
0.654136
0.778916
0.648308
1.45544
0.374797
0.977303
1.32825
-0.294818
0.96338
-0.572497
1.21148
0.665276
0.732755
-0.797151
0.898794
-0.163774
0.722358
1.70719
-0.595117
-0.434628
-0.267232
-0.99659
0.393084
-0.0503566
-0.666805
1.3345
-0.611946
0.989428
-0.531558
1.40086
1.00585
1.24156
1.36396
0.579365
-0.321315
1.25048
0.402614
-0.728305
-0.273609
-0.559998
1.26279
0.0780957
0.754817
-0.14614
0.242481
1.12783
1.24748
0.528215
0.999375
-0.245748
0.0103749
-0.112669
-0.244173
1.03562
0.27838
-0.618464
0.267068
0.0221555
2.01749
0.818164
-0.238071
-1.22703
-0.573395
-0.494845
-0.114866
0.220836
3.44609
0.605726
0.410482
1.72919
0.960029
-0.0738015
-0.302952
1.74176
1.02143
0.00420301
0.214387
1.18069
0.65415
0.864132
-1.03873
0.466534
0.279336
0.0624864
0.629854
0.834787
0.202622
-0.549796
0.0945916
0.375567
1.06711
0.243873
1.72254
-0.107742
1.29759
0.145412
-0.398214
0.192041
0.587014
0.230157
0.0747744
0.212976
1.23269
0.478356
0.368496
0.759939
0.148731
0.27968
0.544424
-0.257456
0.658879
-0.0480181
-0.53657
-0.297585
0.989605
1.35158
0.858097
0.0942585
0.286454
0.141927
-0.311832
-0.188802
0.00431781
-0.144041
1.03062
1.21456
1.31844
0.671976
-0.170067
0.42325
0.0179271
0.454281
-1.16836
0.606964
1.38515
0.778406
0.116144
0.839882
-0.224829
0.72487
-0.845915
1.31807
-0.614757
1.23963
0.0397528
-1.72927
0.82491
-0.278214
-0.285352
0.773069
1.47245
0.470448
2.20129
1.35692
-0.118135
0.0668438
0.761664
1.86182
1.18163
0.144629
-0.106775
0.644254
1.1068
-0.328755
0.736419
0.42139
0.539371
0.133105
-0.654011
0.228749
-0.880115
0.695966
0.249073
0.554158
0.888333
0.419012
-0.92168
0.883757
0.558142
-0.0606091
0.48295
0.857475
1.07494
0.365802
-0.471649
1.18399
-0.310587
0.211341
0.782221
1.22648
-0.120118
1.24859
1.13829
0.130714
-0.607171
-0.376124
0.831785
0.773697
0.853609
1.56553
-0.124001
0.0890302
-0.0815538
0.0975745
-1.26655
-0.210644
0.539679
1.35578
-0.753153
2.37315
2.67675
-0.631735
0.604559
-0.299928
0.857509
0.340663
-0.919087
0.98107
0.768799
-0.420219
1.23959
0.338005
0.0889719
1.98816
0.23319
0.798725
0.494533
0.131706
0.359661
1.46489
0.690458
0.684163
0.19274
0.199634
1.07854
0.203106
0.203486
1.94168
0.940591
1.94759
0.846076
1.19248
0.728616
2.11011
0.763206
0.52299
1.61497
1.54689
-0.0918214
-0.299108
0.771361
0.699396
1.2135
0.8388
-0.591981
0.524492
0.223994
1.4923
1.6451
-0.202803
0.810589
1.29479
-1.38672
1.36127
0.510911
-0.0132737
1.6491
0.485342
-1.54309
0.195482
-0.254272
-0.71865
0.183259
1.09717
0.265843
0.191328
1.61495
0.863571
0.691762
-0.0506995
0.21899
-0.116387
0.36168
0.831342
0.321027
1.07618
0.69438
0.982633
1.27453
0.7703
1.44161
1.92906
1.38098
1.51422
1.26883
0.79357
0.864577
0.370041
2.21253
-0.369603
0.45691
1.48344
0.903087
1.22069
-0.319826
0.622704
0.95673
0.27113
-0.287796
0.0522866
0.598488
1.12784
-0.3719
-0.471426
1.38566
0.592997
0.32666
0.746487
-0.908326
0.298404
0.119816
1.5125
0.0697595
-0.0556278
0.378333
1.5131
0.165931
1.08235
0.58117
-0.901342
-0.033713
-0.703634
1.7929
-1.39929
0.135517
0.23251
-0.0941123
-0.548623
1.02312
-0.239372
0.447903
1.83066
-1.32175
0.334927
0.204342
0.250963
0.890034
-0.311188
0.480736
0.269191
-0.244684
1.40083
2.47772
0.798775
-2.09214
0.708035
0.174975
-0.710853
-0.0032289
0.476555
1.3697
0.965796
-0.948046
0.649299
0.807627
0.586019
0.557457
2.2779
-0.00544384
0.0751779
2.19356
0.0828756
0.714626
0.868674
0.544587
-0.47383
1.06702
0.524884
0.428901
-0.333823
1.04419
0.212181
0.905452
-1.1822
0.713299
0.658023
0.586203
1.78277
0.929788
0.792253
0.395964
1.1025
1.88458
-0.0713341
0.985648
0.837601
0.588044
0.370924
0.0852482
-0.596847
-0.417937
0.901355
0.169512
1.15899
1.05318
1.0889
-0.79109
1.74336
-0.355803
-0.84624
1.7191
-0.635005
0.702483
1.30676
-0.206406
0.370369
1.6436
0.0737892
0.918264
0.903223
-1.53476
0.308485
0.759244
1.55256
1.03885
1.35101
-0.622564
0.996209
-1.02142
-1.58815
-1.08135
0.885443
0.836252
-1.24774
0.278439
-0.00915895
0.733037
0.242915
2.30077
1.05006
0.90019
1.31214
0.739113
0.696612
-0.405828
-0.125563
0.267331
-0.221317
-0.240208
0.992139
0.058171
0.26543
0.557147
0.818287
0.112761
0.891148
1.40821
1.13822
0.103106
0.839746
1.05917
0.254603
0.723976
0.101307
0.0667665
0.00732193
-0.151998
-0.149203
-0.325911
0.0539435
1.20131
0.631392
0.0152071
0.149141
1.48241
1.74927
0.747551
-0.923139
0.457102
0.036508
-0.235651
-0.774932
1.46077
1.25084
0.811569
0.733117
0.376543
1.46168
0.162719
1.89574
1.19218
0.260585
-0.886845
0.439709
1.0215
0.279557
0.0629088
2.01867
-0.0292433
-0.178062
0.544769
0.91381
0.0114566
-0.0160669
0.686738
0.0531253
1.06451
0.602007
-0.107152
-0.0530396
0.589809
-0.0804223
1.62412
1.08846
0.688775
0.85774
-0.444379
1.64469
-0.238446
1.20479
1.10151
0.940995
1.31719
-0.376377
1.13354
0.98618
0.499071
-0.0257317
-0.226525
1.30557
0.348313
1.58093
1.23586
0.83635
0.168327
0.650512
0.317026
0.141731
-0.480292
0.676559
0.700798
1.73833
-0.687014
-0.121072
1.37042
1.38231
-0.102888
0.575564
0.839845
1.39913
0.795172
0.828048
1.00077
1.64882
2.72505
-1.10016
0.953981
-0.676394
0.216199
-0.185487
1.93408
0.913997
0.53597
0.273424
1.57515
-0.7788
1.91837
0.448252
0.0594054
-0.27707
0.968447
-0.37085
0.409469
0.129015
0.873784
1.50816
0.768071
0.892916
0.181748
1.13591
-0.639446
0.263927
