0.465741
0.886489
-0.161454
2.05334
-0.124188
-0.0980531
-1.00049
1.63548
0.63223
-0.288996
-0.0384057
1.18948
0.513581
-0.880418
0.24329
-0.71632
-0.712191
-0.684565
0.592223
-1.35695
3.40479
1.31071
-1.12358
2.43636
0.247127
0.624024
-1.38233
0.292673
-0.78192
-0.244904
-0.430252
0.32001
-0.426425
-1.6845
0.569222
1.01855
0.461276
-0.906501
-1.15896
0.934291
-1.06195
-0.194644
0.514997
0.695163
-0.124296
0.267577
-1.53261
-0.248831
2.05478
-0.569764
-0.201579
-1.2191
-0.137361
-0.229547
-1.81749
0.260857
-0.267352
0.603493
-0.891311
-0.826369
1.17271
0.301423
-0.154349
-0.733993
-0.262772
1.57228
0.384042
1.18467
-1.76095
0.493583
2.79611
-1.3492
-0.21204
-0.45004
0.931256
0.100582
-1.3141
0.420766
-1.08642
0.13231
-0.903905
-0.547639
-0.409086
1.54984
-2.08551
0.475329
-0.712243
-0.00453014
0.851171
0.300233
0.0797057
1.27203
0.52026
-0.892653
0.128424
-0.597387
-0.00316263
1.31234
0.799733
-0.197899
1.43633
0.0283329
-0.415438
-0.00709014
-0.123968
-0.245115
-0.303763
-0.0654407
-1.22938
-0.708424
-0.22736
-0.0657229
-1.21623
-1.66459
-0.353457
-0.336833
0.140204
0.39656
0.0713555
1.63573
-1.11676
0.316159
0.0322528
-0.815666
0.208076
0.833192
3.02444
0.121045
0.529549
-1.01629
-1.50961
0.567645
-1.71828
-0.910721
-0.819351
0.0714683
-0.28105
0.608781
1.05781
1.1498
1.1102
1.07346
-1.53994
0.619372
-1.32254
1.1731
-0.0841414
0.310708
-0.313173
-1.08639
0.855591
-2.98861
0.0226468
0.518051
1.83531
1.48774
-0.987043
-0.903503
0.0473177
1.43252
-0.912585
0.992982
-0.511711
-0.930362
-1.56234
-0.765634
0.931928
1.45245
-0.312464
-1.77388
0.546214
-0.696735
1.53584
0.0905399
-0.299438
0.163673
0.0839427
-0.695209
-1.71139
0.534296
0.964332
0.0905786
0.77498
0.552781
0.496918
0.839711
0.71012
-0.0227769
-0.19774
0.0531733
-0.109458
-1.35403
-2.13653
0.030263
-0.985777
-0.917372
-0.0065369
1.10048
-0.458512
-0.842851
-0.177562
0.125477
-0.37598
0.971021
0.393204
1.54848
0.804369
0.288948
-0.328962
1.34576
-1.07413
0.917803
0.536572
2.90224
-0.421041
-0.344548
-0.214925
0.164416
-1.50097
0.0140739
1.46718
1.20645
0.631356
-0.739144
0.431367
-2.8044
1.04543
-0.756063
1.98641
0.677295
-1.08566
-0.48721
0.0779603
-0.814843
1.96075
-0.51875
0.70309
-0.156814
0.135566
-1.63572
-0.451829
-0.848989
-2.17123
-0.127939
0.0916899
-0.729062
0.38495
-0.931182
-0.323857
0.484497
-1.03785
-0.482115
0.166019
-0.492627
-1.38939
-0.842398
-0.530438
-0.213583
-0.986129
0.563045
-1.1757
0.851533
-0.842475
-0.704518
0.0373294
-1.23352
0.552648
-0.422145
-0.478875
-0.855769
1.8923
-1.55337
1.64786
-0.897225
1.39604
-0.59846
1.48005
0.178144
0.116026
-1.00332
0.633995
0.711116
-0.231251
-0.966271
-0.76111
0.358146
-2.05063
1.80778
0.0497761
1.89471
1.36917
1.28971
-2.09863
0.116931
0.373686
-0.775945
-1.61259
1.04672
-1.07659
-0.041053
-0.204409
0.328095
-0.317027
-0.359819
0.628999
-0.357221
-2.02519
1.55863
-0.917223
0.242351
1.64974
0.717583
0.648373
-0.255168
0.0903251
0.168803
2.2351
-0.677156
0.935047
0.058149
-0.628936
-0.502439
0.532
-1.41067
0.221756
-0.169699
0.0489928
1.03613
-0.79321
-0.49276
0.309367
0.324796
0.467881
1.30943
-0.0379102
-0.0678655
0.660108
-1.99376
-0.590418
0.4526
0.165331
-1.3405
-0.0733099
-1.30574
0.467283
-1.02296
-1.19934
-0.987505
-0.63568
0.0311618
0.0280026
0.980665
-0.479287
-0.509592
0.232458
-0.549396
-1.55555
0.00298264
-0.409118
-0.270684
0.0803119
0.687885
0.776626
-1.06574
-0.268231
-0.444725
0.301517
0.275358
-0.573369
-0.282296
0.282615
1.66023
1.19461
0.905193
-1.44166
-0.157039
-0.612827
-2.05001
-1.12958
1.35688
0.237209
-1.63064
-2.5477
-0.282227
0.676981
-0.907751
-0.684351
-0.37991
0.648798
-0.0916644
-0.315573
0.05991
1.26077
0.162622
-1.0231
-0.0188389
-0.584183
-0.933055
-0.560123
0.815822
-0.13489
-0.539444
-0.595351
-1.50928
-0.56478
-0.0253265
-0.0664277
0.0601881
-0.264557
-0.772628
-1.72445
0.228176
0.583548
-0.37476
-0.20946
0.0233182
0.230807
-0.115542
0.685802
0.204487
0.0463437
1.00616
2.27305
-0.933566
0.956366
-1.15249
-0.105425
1.03304
0.0622791
0.459839
-0.351328
0.655365
1.78239
-1.26173
0.047086
-2.30884
-0.642525
0.806131
1.29888
0.742122
-0.899967
-0.378374
-0.0885674
0.648931
0.677157
0.731544
0.321146
0.360704
-1.83571
1.50272
0.326225
-0.0440922
-1.06394
0.0330068
0.421347
1.39575
0.324173
-0.724553
1.08046
-0.866431
1.19971
-1.57347
0.0213852
-0.302372
0.0331389
-1.32172
0.979097
-1.43736
0.332794
0.0404478
-1.11516
-1.55306
-1.49395
0.871786
-0.750679
0.639611
0.31241
-1.37126
-0.398089
-0.178373
-0.536782
-1.20745
0.0229596
0.13515
1.33915
-0.240209
-0.0197121
-1.20446
0.122951
-1.46713
0.0800401
-0.233006
-0.0489472
-0.412323
-1.0884
-0.293167
0.109491
-0.452179
-1.15361
0.633307
-0.891696
-0.0958661
1.57976
-0.335061
0.792943
0.529971
-0.402073
-0.0516272
1.14543
0.758927
1.80064
-0.930417
-0.234545
-0.815968
-0.223512
0.756007
0.507368
0.147255
1.38103
-1.65944
0.440153
-0.350249
-1.6279
0.333474
-1.59692
-0.0767983
-1.44212
-1.19881
0.260377
0.292049
0.758476
2.39996
-1.43516
1.22153
-1.07322
0.37703
-1.0504
-0.305814
-0.981449
0.730026
0.622946
2.42643
2.34918
1.67197
-1.49763
0.769888
0.718513
1.26057
1.24212
-1.17173
-0.177695
-0.658183
0.45619
-1.22723
1.54712
0.185578
0.546871
-0.200831
0.463923
2.36797
1.67286
1.13253
0.869006
-1.21896
-0.305044
0.317989
-1.19047
-0.182347
-0.335606
-0.309656
-1.11367
0.815561
-0.459713
-0.817855
1.28417
-0.635008
0.717686
0.852076
0.860015
-0.00556832
1.24374
-1.93896
0.258086
0.0210718
1.14511
-1.02059
-1.22024
1.72691
-1.1749
1.17593
0.736205
-0.955898
0.0411446
0.518659
-0.588837
-0.0261731
0.227949
1.04169
0.0985188
-0.138332
-0.946851
-0.104684
-0.760024
0.625592
-0.966277
-1.07204
-0.375403
-0.463472
0.547316
-1.24588
-2.72591
-0.512507
-1.76189
0.876054
0.0848474
-1.2131
-0.904991
0.618302
-0.228952
1.11022
-0.355647
-0.151183
-0.530835
-0.452028
0.492242
-0.349877
-1.31554
0.0106207
-1.49006
2.95387
-1.17602
2.07076
0.008184
-1.36568
-2.5805
0.25397
-0.722561
-0.808272
1.09308
0.293513
-0.275511
0.238265
1.00713
1.0419
-1.19512
-0.379579
-2.47951
0.669186
0.798982
-1.80423
-0.538874
-0.0233033
-1.17734
-0.131905
0.603019
0.250813
-0.269034
0.641946
0.0577196
-0.0260136
-1.33939
0.16986
-1.25114
0.603296
-0.861055
-2.12878
-1.59427
1.22643
0.427776
0.66848
-2.33271
-0.458086
-0.464195
1.26636
1.63861
-0.499981
0.292026
-0.398002
-1.31214
1.38444
-0.605439
0.992687
-0.123752
-0.838968
-0.542909
0.247452
1.59537
0.943495
0.983139
-1.07225
-1.25741
-0.0608672
0.761675
0.679919
0.654662
-0.501259
-0.900105
-2.0283
1.36226
0.201204
1.14727
0.401627
-1.1988
-0.690743
-0.163865
-0.0588105
1.9412
0.280642
-1.32672
-1.09586
0.130345
1.30569
-1.10481
-0.199103
-0.968211
-0.482834
-0.0655324
0.0662827
-0.245405
-1.65427
0.347944
-0.270949
1.85159
-1.11567
0.435187
-0.548603
-1.19189
1.03348
-0.953215
0.795589
0.0497036
0.511406
1.89228
0.385334
-0.892571
-1.532
-1.18817
0.912612
0.56352
0.0619817
0.794207
0.77947
-0.163091
0.501128
1.03366
0.0791793
-2.27006
-0.522447
-1.13082
0.49945
-1.01468
-0.206854
-0.613807
1.42389
0.109911
-1.92357
-0.415954
1.29825
0.899614
1.10465
-1.96264
-0.899435
-0.158751
0.36615
-1.84812
0.549804
0.120284
0.468182
-1.07086
-0.320863
0.755626
-0.269667
-0.20108
1.00285
-0.887736
-2.0821
0.127046
-0.606135
-0.793005
0.466541
-0.998375
1.1792
-0.324219
-0.693841
-1.1852
-0.88283
-0.30691
0.234667
-2.52453
0.766632
1.30317
-0.59516
-0.134424
-1.31751
1.28584
-0.206528
0.917947
-1.23776
2.02384
0.853552
-1.11801
1.01687
-0.0634903
0.871959
-1.75178
0.19036
0.514774
-0.0490528
0.183916
0.447423
-0.515541
-0.525966
-0.200634
-1.28685
1.00788
-1.14297
-0.571201
-2.09877
-0.971999
-2.44898
-0.398301
-0.59431
-0.52518
-0.479215
-1.0862
0.541601
0.675741
1.61337
-0.739849
0.548169
0.438447
0.157259
0.505652
-1.41696
1.61799
1.21385
0.15706
-0.713678
0.413573
-0.385062
0.685293
-2.10244
0.269779
0.178869
1.47067
-1.0571
-0.507146
-0.120847
0.819413
0.761258
0.183832
1.07956
-0.184039
-1.81346
-1.53454
0.0265303
3.01896
-0.580789
0.284261
0.221834
0.680096
1.89042
-0.00532132
-0.435183
0.415621
1.60381
-0.328467
1.35056
0.895029
1.79447
-1.00271
1.52082
1.92377
0.0379066
-0.595513
0.431643
0.296529
-0.36516
-0.985993
0.779136
-1.34256
0.285867
-0.899006
-0.50053
0.810377
-1.7487
0.208638
0.225068
-0.109591
-1.77752
1.29462
-1.2807
0.522945
0.702938
-1.82798
1.7051
0.479433
1.54097
1.20504
-0.262645
1.57603
0.195874
0.359166
-2.34526
2.0213
0.286135
0.349529
-0.240522
0.950076
-0.354055
-0.769881
-0.263083
1.35292
-0.50636
-0.834665
-1.06853
-1.45355
-2.1662
2.28846
0.430042
1.51664
0.588435
-0.750382
1.14006
-0.826962
-0.369558
-1.00478
0.797684
0.821507
1.24198
1.7681
-0.14111
-1.25215
1.4499
0.222788
0.569852
1.68713
0.994164
1.39516
-2.05275
2.22514
-0.402264
1.00846
3.6454
-1.16174
0.362165
-0.663568
-1.12216
1.72805
2.4143
-0.0139972
0.605367
0.286959
1.56816
0.190521
-0.295429
0.253189
0.524093
-0.0523009
-1.44989
0.530364
-0.0798839
0.378549
-0.597629
-2.03231
0.457698
1.11344
0.121426
0.0970445
-0.2368
0.626819
0.647055
-1.08932
1.38483
-0.868617
0.59289
-1.09725
-0.702982
-0.871333
0.0500073
2.30273
-0.367527
0.123814
0.527678
0.925437
-0.653033
-0.77409
0.849405
0.0128024
-0.929433
-1.50498
-0.356084
-0.809457
-2.03027
0.604664
0.0329034
-0.455896
0.204399
-1.32779
0.239203
