0.713537
0.235063
0.689402
0.0461091
0.302837
0.32128
0.526146
0.6159
0.759703
0.850501
0.850933
0.645611
0.565129
0.855173
0.771246
0.516236
0.125859
0.479498
0.252602
0.793376
0.835309
0.82857
0.453074
0.0810705
0.583396
0.0782981
0.13986
0.746076
0.120077
0.545874
0.852341
0.299083
0.146729
0.487209
0.474427
0.372227
0.0016971
0.38085
0.4841
0.999631
0.0162243
0.53785
0.453601
0.0562363
0.487376
0.526505
0.181511
0.671375
0.660287
0.468803
0.685935
0.698979
0.0539655
0.22451
0.43986
0.357216
0.509866
0.00975217
0.185972
0.782108
0.351057
0.933276
0.891967
0.177311
0.891404
0.840416
0.240285
0.233373
0.177487
0.411412
0.101286
0.144309
0.00687985
0.318953
0.839993
0.966573
0.895941
0.258488
0.99729
0.324654
0.288339
0.936864
0.521815
0.341072
0.758404
0.516868
0.231466
0.23157
0.120536
0.643543
0.244996
0.399657
0.352518
0.639042
0.696287
0.318095
0.250111
0.208757
0.869254
0.314884
0.815035
0.984884
0.612382
0.557412
0.306546
0.194588
0.983365
0.645306
0.178678
0.0785331
0.337363
0.000937336
0.397889
0.402353
0.566379
0.892193
0.270178
0.667063
0.106685
0.8615
0.0356795
0.395286
0.0867874
0.29406
0.33472
0.97455
0.394449
0.0406694
0.414704
0.795644
0.243393
0.868732
0.0753618
0.241769
0.532777
0.338741
0.343211
0.464659
0.847174
0.230873
0.910367
0.772976
0.783766
0.79546
0.526679
0.102944
0.987675
0.47755
0.130362
0.904453
0.788108
0.309351
0.909944
0.2948
0.122811
0.0340982
0.260239
0.713976
0.314743
0.401913
0.212312
0.235759
0.229316
0.674294
0.437943
0.727664
0.62523
0.290723
0.635328
0.259148
0.528053
0.184756
0.444841
0.548025
0.590957
0.537097
0.533819
0.941003
0.991098
0.881691
0.929646
0.926022
0.612601
0.134365
0.764423
0.524179
0.238147
0.456583
0.467344
0.408623
0.747974
0.571824
0.344905
0.787574
0.891644
0.36421
0.500644
0.672535
0.4817
0.0734401
0.968036
0.212432
0.722258
0.0294849
0.688344
0.0356818
0.961716
0.135216
0.24855
0.689199
0.595099
0.389718
0.874345
0.861324
0.725122
0.0313873
0.238514
0.425477
0.867972
0.141516
0.168664
0.987939
0.231698
0.580694
0.769352
0.758347
0.708956
0.226862
0.736883
0.240643
0.408118
0.073719
0.149808
0.842573
0.0784573
0.558926
0.68974
0.625896
0.267198
0.25691
0.915112
0.180775
0.871806
0.843026
0.0171299
0.426074
0.0450272
0.857076
0.835019
0.316037
0.955338
0.621363
0.775234
0.78908
0.866837
0.479202
0.325515
0.591199
0.769058
0.581545
0.502402
0.3159
0.192333
0.169189
0.47878
0.571404
0.710524
0.225373
0.840296
0.56293
0.186194
0.828786
0.523591
0.154795
0.872942
0.247789
0.221165
0.279451
0.964717
0.527646
0.268859
0.353425
0.163811
0.561345
0.271881
0.380192
0.822795
0.842305
0.365976
0.156777
0.0258438
0.783223
0.441491
0.831973
0.942449
0.499699
0.917039
0.109761
0.214954
0.393834
0.248753
0.0396952
0.964795
0.438424
0.60004
0.171248
0.460665
0.803277
0.243651
0.428787
0.709174
0.35462
0.533927
0.288327
0.684891
0.312609
0.708209
0.760981
0.413734
0.890672
0.228689
0.455857
0.209201
0.525111
0.935832
0.637349
0.718224
0.116371
0.471476
0.0490435
0.196392
0.535292
0.0860962
0.707041
0.645532
0.971652
0.443919
0.644872
0.370124
0.322555
0.0938635
0.715128
0.0267749
0.478735
0.526275
0.978218
0.883863
0.561323
0.572878
0.0775709
0.169647
0.63391
0.343978
0.782599
0.411086
0.759258
0.660857
0.0239405
0.45113
0.808923
0.823908
0.266507
0.645588
0.146647
0.251386
0.947205
0.576817
0.297924
0.931498
0.426526
0.182132
0.364037
0.308274
0.0995228
0.941084
0.795291
0.813489
0.1472
0.484072
0.686386
0.466927
0.210309
0.554726
0.516118
0.500402
0.159573
0.60146
0.928174
0.296005
0.743379
0.840953
0.769288
0.892848
0.794077
0.0439155
0.315887
0.455719
0.525361
0.583139
0.505406
0.532154
0.011852
0.249509
0.64365
0.700054
0.149944
0.0656942
0.653306
0.825026
0.211105
0.278294
0.677176
0.918158
0.524821
0.129597
0.598381
0.806177
0.83373
0.224375
0.868405
0.546894
0.797081
0.569248
0.0142907
0.563013
0.851069
0.590236
0.32769
0.116137
0.808883
0.478598
0.163735
0.241512
0.239335
0.845656
0.458029
0.27824
0.104407
0.0155432
0.102848
0.320055
0.245523
0.245704
0.680852
0.482718
0.526193
0.592409
0.903853
0.209917
0.00823748
0.587877
0.760447
0.642544
0.525233
0.504533
0.23658
0.255725
0.0827277
0.650199
0.541237
0.407066
0.503353
0.897741
0.620339
0.123734
0.0222761
0.594844
0.474675
0.720721
0.585235
0.896029
0.885272
0.213434
0.155544
0.127335
0.571724
0.121327
0.936794
0.438473
0.451111
0.453863
0.667797
0.71133
0.914842
0.504878
0.752848
0.622843
0.517689
0.535374
0.837112
0.237547
0.608348
0.673074
0.166683
0.810812
0.64917
0.372557
0.119027
0.135155
0.132877
0.556264
0.132472
0.645637
0.354549
0.646391
0.157762
0.51057
0.905142
0.436102
0.443017
0.655317
0.260569
0.843376
0.503996
0.551521
0.817403
0.607845
0.227655
0.892928
0.345676
0.247574
0.454432
0.870652
0.850008
0.863918
0.925141
0.523767
0.551724
0.808598
0.395681
0.117498
0.72564
0.85712
0.887421
0.926755
0.27396
0.339663
0.550954
0.704204
0.888197
0.452832
0.487105
0.334836
0.844223
0.581558
0.361836
0.33046
0.357663
0.0562477
0.74773
0.948615
0.0581165
0.686449
0.483363
0.817006
0.377425
0.788322
0.624436
0.688432
0.522322
0.701851
0.0702313
0.905054
0.733926
0.315279
0.416898
0.934494
0.561554
0.906727
0.748814
0.724638
0.416519
0.425545
0.44932
0.123225
0.510633
0.933111
0.389886
0.822551
0.0122478
0.772
0.841004
0.403906
0.16667
0.408137
0.269881
0.292299
0.586755
0.529366
0.438166
0.0125166
0.804881
0.443609
0.9586
0.127345
0.296707
0.538264
0.937221
0.344533
0.271498
0.800555
0.279181
0.095858
0.107672
0.710529
0.711278
0.180791
0.126126
0.183045
0.160647
0.138619
0.506987
0.315104
0.243864
0.085366
0.686547
0.0294161
0.2149
0.125027
0.375177
0.40922
0.843182
0.496326
0.279688
0.599477
0.0130291
0.770048
0.0309796
0.74022
0.668257
0.543873
0.940813
0.120364
0.457999
0.944488
0.410755
0.322368
0.124127
0.460175
0.36123
0.0772102
0.543835
0.88504
0.93236
0.332159
0.720767
0.562753
0.171483
0.570219
0.660055
0.0982891
0.344583
0.264375
0.91024
0.814524
0.986898
0.79741
0.775071
0.452515
0.152964
0.811378
0.503385
0.963289
0.0305523
0.364152
0.0924527
0.428973
0.110528
0.595023
0.502596
0.911096
0.352116
0.0681071
0.223335
0.0776104
0.523822
0.555559
0.129437
0.651594
0.0130502
0.73315
0.209283
0.497353
0.677935
0.323161
0.0539886
0.459496
0.788774
0.758107
0.209106
0.624898
0.00602558
0.299135
0.135993
0.876654
0.280264
0.740399
0.72929
0.986873
0.118367
0.10908
0.315667
0.408222
0.838829
0.399812
0.397446
0.611855
0.748682
0.937319
0.709033
0.633717
0.512564
0.321981
0.944121
0.334872
0.172415
0.738292
0.080087
0.165309
0.927922
0.104324
0.617964
0.129529
0.948791
0.990284
0.983485
0.227888
0.442803
0.863495
0.0464234
0.963411
0.929512
0.130782
0.891051
0.648844
0.771032
0.122588
0.423641
0.714557
0.547745
0.347315
0.390858
0.125663
0.383539
0.190924
0.261478
0.451345
0.381685
0.558373
0.515315
0.782221
0.328797
0.578301
0.737102
0.847086
0.877276
0.468944
0.323353
0.653141
0.491221
0.53276
0.829633
0.987955
0.200822
0.816769
0.692876
0.823862
0.508377
0.999817
0.899096
0.875783
0.346922
0.146554
0.837847
0.228564
0.586496
0.30388
0.683161
0.709407
0.46066
0.156134
0.143771
0.274488
0.560988
0.884082
0.219531
0.175681
0.978668
0.794263
0.862668
0.223794
0.190671
0.205643
0.252545
0.286454
0.841307
0.0320504
0.453384
0.844807
0.417875
0.20745
0.197938
0.464469
0.0969766
0.448698
0.594336
0.481678
0.839016
0.230931
0.458367
0.974915
0.217134
0.161065
0.203611
0.821164
0.454701
0.769531
0.114192
0.299934
0.723769
0.581928
0.352338
0.474001
0.350484
0.00488902
0.649819
0.633865
0.24624
0.246199
0.790371
0.712226
0.231504
0.22011
0.375845
0.396755
0.14465
0.888053
0.0541912
0.249979
0.279201
0.950764
0.154641
0.755475
0.336684
0.586672
0.359976
0.190938
0.691679
0.662289
0.741596
0.798764
0.8359
0.47705
0.20974
0.877979
0.00680943
0.318489
0.471483
0.0282278
0.276292
0.940952
0.187287
0.596234
0.768401
0.989051
0.944028
0.113077
0.127138
0.392836
0.885077
0.34837
0.776458
0.38164
0.75749
0.323218
0.262515
0.665911
0.637987
0.910221
0.131041
0.00816205
0.926725
0.678936
0.710846
0.832565
0.458693
0.0643885
0.778748
0.53018
0.377524
0.197392
0.611593
0.876129
0.310084
0.885994
0.963503
0.216765
0.572889
0.102964
0.969788
0.0784447
0.596174
0.947556
0.496517
0.0532007
0.537654
0.140974
0.880705
0.396665
0.153331
0.777808
0.49138
0.199552
0.226562
0.224364
0.949871
0.426658
0.167541
0.838716
0.975244
0.894962
0.697059
0.411403
0.869077
0.0235351
0.946839
0.00539277
0.860945
0.239966
0.416446
0.818187
0.302535
0.304481
0.577841
0.893926
0.609343
0.658524
0.548593
0.629821
0.655651
0.0603014
0.853276
0.3859
0.649557
0.996703
0.110377
0.158405
0.875438
0.619662
0.77089
0.531002
0.184837
0.338162
0.261611
0.252281
0.660238
0.480234
0.888049
0.348786
0.0173235
0.265362
0.372113
0.549247
0.614328
0.900377
0.215491
0.867691
0.686685
0.252909
0.636599
0.326363
0.695513
0.209416
0.538717
0.722531
0.995067
0.0807768
0.690918
0.785143
0.645953
0.470588
0.205848
0.849774
0.264055
0.885858
0.467324
0.150941
0.0715432
0.885071
0.704457
0.859861
0.94541
0.936243
0.599361
0.52461
0.0788461
0.297716
0.436337
0.954425
0.0570094
0.00930274
0.682118
0.654219
0.99355
0.706683
0.939253
0.19943
0.128822
0.0431719
0.644165
0.598667
0.516529
0.0377349
0.466973
0.822114
0.0174646
0.855784
0.200089
0.991624
0.75956
0.21259
0.943865
0.00906993
0.322478
0.201541
0.49658
0.797026
0.148126
0.17977
0.68728
0.159366
0.481489
0.174581
0.0900972
0.0963808
0.982502
0.33726
0.279712
0.163778
0.0182212
0.506827
0.114702
0.165504
0.151913
0.40401
0.0401448
0.318183
0.228192
0.372908
0.103853
0.211566
0.0393327
0.783897
0.211677
0.572278
0.371385
0.790128
0.0199188
0.560426
0.88974
0.641452
0.606189
0.224923
0.0237445
0.617877
0.0100553
0.100071
0.667535
0.150359
0.902021
0.412485
0.0172773
0.735492
0.846011
0.315831
0.121423
0.410032
0.414461
0.558051
0.405994
0.724614
0.0632824
0.950606
0.889986
0.520662
0.837636
0.415259
0.245557
0.277584
0.130689
0.175083
0.665065
0.0555461
0.315303
0.0601386
0.00365158
0.169292
0.908988
0.890266
0.676409
0.995253
0.470132
0.616552
0.53195
0.681929
0.277425
0.791127
0.546471
0.845047
0.282257
0.982083
0.972099
0.805587
0.027941
0.254321
0.744088
0.450554
0.965827
0.174545
0.00450582
0.245664
0.759027
0.76952
0.43976
0.436101
0.459904
0.870119
0.538836
0.336894
0.389413
0.15272
0.080929
0.319895
0.0330301
0.191305
0.989541
0.735609
0.567653
0.373055
0.332469
0.76591
0.960197
0.196798
0.411346
0.0569281
0.790715
0.0978583
0.998209
0.83844
0.969054
0.973029
0.460636
0.143413
0.349082
0.284513
0.508591
0.906362
0.554628
0.644163
0.264205
0.683851
0.070314
0.926366
0.432195
0.290651
0.0596727
0.671124
0.860907
0.769211
0.544413
0.797673
0.61381
0.160437
0.59952
0.655568
0.354768
0.908183
0.991681
0.547603
0.802321
0.742796
0.795823
0.189237
0.295165
0.326994
0.825924
0.0681979
0.0502295
0.595201
0.150324
0.783286
0.715872
0.631699
0.937712
0.521674
0.326834
0.435485
0.842444
0.0236658
0.746029
0.223039
0.142248
0.16675
0.324935
0.261086
0.483058
0.253478
0.515411
0.970827
0.679876
0.810105
0.417359
0.686722
0.583655
0.584387
0.529425
0.16343
0.254227
0.493607
0.923489
0.297138
0.510842
0.534643
0.794314
0.256967
0.542147
0.452704
0.145297
0.493659
0.319344
0.462815
0.526652
0.459522
0.398437
0.720843
0.120739
0.104011
0.874522
0.563597
0.734484
0.866762
0.664366
0.0099775
0.0939596
0.071574
0.30284
0.191182
0.804618
0.661029
0.189752
0.909611
0.0491812
0.588349
0.388628
0.82703
0.36827
0.315226
0.458687
0.29868
0.724542
0.123134
0.371356
0.660841
0.256782
0.494871
0.794223
0.0470385
0.748251
0.683623
0.844145
0.772877
0.276947
0.853346
0.677899
0.422591
0.261344
0.0552555
0.641173
0.133124
0.712707
0.0313377
0.983938
0.463225
0.582905
0.679384
0.101306
0.445972
0.139935
0.360469
0.884529
0.610592
0.179403
0.755731
0.27773
0.446723
0.364913
0.873188
0.397985
0.959507
0.361383
0.396816
0.373954
0.232674
0.196136
0.438347
0.739949
0.453041
0.847221
0.399368
0.830281
0.58392
0.194945
0.296487
0.0883084
0.908075
0.626503
0.0249114
0.71878
0.769507
0.784669
0.281716
0.590033
0.0103574
0.35919
0.818001
0.232171
0.682192
0.410971
0.308655
0.459082
0.573821
0.946559
0.266358
0.0438949
0.533927
0.408525
0.677567
0.387088
0.873682
0.131781
0.859237
0.249272
0.37371
0.808599
0.317976
0.390182
0.604619
0.599913
0.679434
0.82188
0.238758
0.659839
0.965805
0.0757461
0.465238
0.747806
0.954256
0.577357
0.495316
0.368948
0.581512
0.659164
0.990984
0.603417
0.838042
0.761855
0.0766612
0.610213
0.110685
0.565753
0.680097
0.625538
0.542495
0.661829
0.547415
0.334128
0.996693
0.908573
0.58278
0.601378
0.652421
0.213711
0.22252
0.134729
0.101872
0.251893
0.770798
0.810309
0.621674
0.205904
0.59828
0.0709716
0.359171
0.0452838
0.338805
0.61494
0.552536
0.428451
0.192633
0.331569
0.093025
0.323873
0.22525
0.915225
0.830418
0.906031
0.0287767
0.374907
0.469402
0.955284
0.466503
0.0775883
0.297356
0.835178
0.691388
0.920158
0.41121
0.83491
0.308525
0.356136
0.436211
0.276528
0.52625
0.273715
0.630287
0.354198
0.162565
0.218764
0.949248
0.751405
0.480862
0.840423
0.563549
0.875317
0.896106
0.342399
0.545256
0.937754
0.781329
0.319599
0.288012
0.354669
0.493315
0.841426
0.681158
0.203549
0.906046
0.853463
0.57643
0.419113
0.239455
0.874119
0.41515
0.35161
0.375985
0.429606
0.618728
0.634389
0.731827
0.00710669
0.18627
0.380935
0.227204
0.68049
0.0380807
0.628466
0.172454
0.303393
0.390668
0.528131
0.244416
0.53261
0.923597
0.445162
0.747353
0.644375
0.323776
0.409824
0.959017
0.322058
0.60741
0.781213
0.987943
0.854958
0.327919
0.958077
0.00886304
0.2803
0.277238
0.708441
0.436351
0.485603
0.426465
0.727645
0.851629
0.462082
0.329143
0.31673
0.780952
0.398227
0.669839
0.393279
0.212231
0.0820239
0.256763
0.543704
0.143291
0.922583
0.816908
0.960772
0.624149
0.0967629
0.020621
0.96987
0.812911
0.127464
0.422004
0.121001
0.391835
0.105347
0.0672105
0.597378
0.724488
0.606135
0.729775
0.67887
0.866479
0.608511
0.833044
0.349189
0.915992
0.745423
0.572352
0.756779
0.309388
0.0849673
0.960268
0.638312
0.225587
0.97834
0.242165
0.61321
0.457891
0.30724
0.671668
0.56947
0.0692689
0.699835
0.100637
0.216042
0.475982
0.554833
0.338108
0.641369
0.892292
0.429695
0.367179
0.915107
0.34228
0.6762
0.253941
0.392165
0.0390774
0.411443
0.503832
0.173626
0.415794
0.668183
0.297144
0.909452
0.593421
0.551525
0.327707
0.306176
0.243351
0.845766
0.549793
0.817893
0.945361
0.248992
0.548491
0.411755
0.244111
0.58712
0.293342
0.555385
0.963128
0.731406
0.412129
0.788945
0.740886
0.515317
0.88515
0.0610022
0.604179
0.470421
0.034367
0.238436
0.174473
0.541599
0.0890157
0.601622
0.545964
0.120494
0.613884
0.87364
0.691547
0.699466
0.478919
0.427339
0.234412
0.628306
0.552153
0.572109
0.615378
0.617184
0.103263
0.30818
0.0859394
0.421336
0.491365
0.497554
0.516359
0.726011
0.412577
0.689558
0.870275
0.691019
0.206989
0.219011
0.391694
0.493273
0.399606
0.829485
0.289915
0.672607
0.027328
0.833067
0.128783
0.677605
0.594886
0.435997
0.182791
0.92528
0.698309
0.336127
0.912131
0.768752
0.420547
0.648707
0.523575
0.0811586
0.767214
0.785296
0.52499
0.680236
0.467728
0.0443358
0.612442
0.497511
0.781045
0.284323
0.628496
0.266687
0.308309
0.457037
0.872405
0.870313
0.607107
0.633152
0.480045
0.524371
0.638088
0.0346587
0.0467041
0.921397
0.211981
0.459919
0.956364
0.374704
0.527725
0.591335
0.476107
0.421311
0.368458
0.870849
0.841272
0.0800119
0.233315
0.987547
0.461885
0.14734
0.386668
0.513743
0.65889
0.974783
0.415061
0.808955
0.589918
0.19916
0.341029
0.41786
0.867574
0.969342
0.140022
0.826023
0.244021
0.109703
0.0921552
0.245464
0.385502
0.890579
0.0339108
0.464765
0.968875
0.700645
0.00467295
0.604367
0.420309
0.827259
0.0994281
0.543912
0.503768
0.74969
0.926547
0.316965
0.59771
0.78569
0.686379
0.665228
0.604678
0.765034
0.275907
0.476153
0.264219
0.353873
0.966193
0.340738
0.540812
0.399293
0.32343
0.435426
0.689179
0.344673
0.584697
0.914488
0.764469
0.73921
0.846027
0.772009
0.466763
0.767105
0.515272
0.932818
0.747155
0.913374
0.509716
0.189413
0.54214
0.910692
0.333856
0.911885
0.90655
0.0402551
0.849772
0.481915
0.432322
0.863709
0.98951
0.844427
0.206256
0.29618
0.116452
0.0705189
0.454857
0.957139
0.968468
0.197813
0.884168
0.847892
0.0420758
0.699678
0.624045
0.740756
0.379643
0.348918
0.309655
0.281518
0.186002
0.598044
0.102803
0.0106125
0.999998
0.141135
0.599817
0.100177
0.686836
0.975733
0.43442
0.484526
0.617185
0.19562
0.517073
0.971276
0.955313
0.68271
0.26426
0.171119
0.787194
0.958023
0.364127
0.992085
0.188074
0.0812107
0.607448
0.505565
0.507621
0.413144
0.941899
0.741197
0.47117
0.931349
0.17652
0.181989
0.682052
0.981895
0.46608
0.138821
0.233665
0.0959323
0.238626
0.467528
0.497383
0.69792
0.751197
0.976762
0.942344
0.168952
0.136148
0.319152
0.294075
0.118551
0.731471
0.332313
0.755251
0.481703
0.831739
0.407818
0.410468
0.545825
0.770933
0.920465
0.860184
0.701844
0.0655574
0.257887
0.8388
0.282849
0.0407682
0.182614
0.0159738
0.238602
0.0670069
0.811745
0.649383
0.732939
0.675208
0.33348
0.509834
0.442012
0.871489
0.174931
0.405687
0.996561
0.188207
0.584772
0.0378777
0.436818
0.653332
0.92381
0.695012
0.622447
0.279911
0.781797
0.775966
0.483691
0.0278962
0.661089
0.182336
0.637404
0.781241
0.461547
0.874867
0.0864572
0.787611
0.9205
0.585057
0.908947
0.118386
0.87126
0.176445
0.782958
0.0443911
0.929098
0.0153518
0.768737
0.73786
0.872026
0.192876
0.377481
0.960325
0.857683
0.259835
0.40683
0.962496
0.156696
0.576965
0.166914
0.124591
0.754341
0.536215
0.175586
0.430317
0.865481
0.176538
0.940337
0.91293
0.062043
0.713247
0.888932
0.830433
0.810407
0.600284
0.713607
0.336252
0.977706
0.876659
0.267588
0.547777
0.0891481
0.251602
0.294942
0.825983
0.166746
0.537942
0.752685
0.424676
0.558004
0.953403
0.207207
0.105409
0.341949
0.871627
0.987546
0.413878
0.995893
0.0422019
0.451558
0.263352
0.51258
0.996369
0.372397
0.592622
0.648835
0.775428
0.601845
0.581336
0.95659
0.814934
0.960137
0.892312
0.241882
0.416789
0.0216418
0.491453
0.0774148
0.0935017
0.0151961
0.972866
0.00130443
0.841074
0.051685
0.883539
0.149753
0.671365
0.297701
0.248758
0.782784
0.43535
0.939506
0.563299
0.411701
0.891752
0.98974
0.184112
0.816558
0.526997
0.0724635
0.22208
0.384916
0.843676
0.662314
0.274109
0.0200172
0.501328
0.863195
0.837049
0.0765833
0.65552
0.286695
0.882083
0.657469
0.891957
0.903082
0.881499
0.788423
0.0453983
0.824235
0.0175056
0.0320336
0.713192
0.565437
0.321565
0.287546
0.588374
0.202569
0.219639
0.964998
0.541874
0.239405
0.751846
0.971699
0.385294
0.60014
0.329588
0.109566
0.0778284
0.926341
0.892835
0.0405875
0.232717
0.573504
0.114622
0.518682
0.884705
0.946362
0.0856499
0.6169
0.671424
0.48887
0.0468855
0.619631
0.18393
0.483157
0.797254
0.823946
0.788067
0.71926
0.77065
0.900445
0.912194
0.981865
0.342231
0.281933
0.105973
0.506424
0.149183
0.804545
0.803757
0.471034
0.245672
0.670432
0.0730602
0.133645
0.663815
0.755188
0.170179
0.269238
0.945838
0.75053
0.962654
0.796911
0.375631
0.22544
0.994401
0.809551
0.732523
0.849828
0.377686
0.0527446
0.52197
0.584016
0.037116
0.348367
0.281269
0.563844
0.963231
0.406173
0.00934428
0.146964
0.225632
0.806318
0.454863
0.297341
0.91871
0.720787
0.883022
0.31648
0.385097
0.0980348
0.78961
0.168382
0.692282
0.333978
0.857043
0.367659
0.436564
0.13265
0.879872
0.346013
0.67562
0.421969
0.14032
0.332765
0.349124
0.505047
0.315288
0.833834
0.812754
0.906455
0.3896
0.147166
0.325006
0.124749
0.0168253
0.141175
0.716132
0.712889
0.483453
0.358421
0.941789
0.636689
0.7347
0.839298
0.87515
0.042784
0.775173
0.516258
0.939752
0.534912
0.241529
0.44946
0.450936
0.534336
0.245423
0.346852
0.534669
0.811623
0.727505
0.616531
0.899218
0.63493
0.807891
0.469869
0.472495
0.289135
0.763668
0.802403
0.79445
0.098159
0.306905
0.686872
0.147452
0.238334
0.418248
0.839651
0.268318
0.873577
0.833832
0.0095486
0.815151
0.0655904
0.311152
0.319606
0.455809
0.599412
0.418424
0.346621
0.434754
0.616628
0.312438
0.833574
0.326617
0.86336
0.112142
0.902599
0.272649
0.757146
0.122698
0.663873
0.682381
0.355232
0.752982
0.797123
0.424325
0.271569
0.257709
0.478526
0.78738
0.14052
0.987271
0.900865
0.832575
0.678609
0.328581
0.785869
0.898961
0.761966
0.084504
0.0825274
0.578005
0.728437
0.415971
0.24003
0.903926
0.655003
0.86844
0.33277
0.98847
0.361451
0.6285
0.520242
0.103735
0.976742
0.201176
0.558702
0.862797
0.227284
0.0982179
0.703447
0.800922
0.0113
0.784317
0.71862
0.152329
0.716663
0.455004
0.620015
0.972326
0.886719
0.298554
0.512751
0.101854
0.922473
0.0962708
0.666218
0.411352
0.203895
0.803688
0.0792291
0.95645
0.0251154
0.69843
0.679667
0.419378
0.0718292
0.757864
0.229683
0.894394
0.503782
0.147633
0.840012
0.794608
0.391278
0.157901
0.605166
0.78712
0.827094
0.190945
0.95882
0.726883
0.31885
0.883245
0.483328
0.650339
0.824185
0.367501
0.377231
0.755328
0.0141124
0.113421
0.0779358
0.980038
0.494
0.688666
0.950866
0.218424
0.565877
0.416812
0.230779
0.243989
0.580717
0.579853
0.922674
0.901426
0.968597
0.0576494
0.609998
0.868695
0.886353
0.268304
0.137648
0.851628
0.0693995
0.691575
0.47975
0.237423
0.782633
0.414565
0.169384
0.704461
0.0800216
0.994499
0.561123
0.527049
0.49005
0.194859
0.985739
0.0407679
0.506849
0.521528
0.971994
0.832662
0.00171046
0.626457
0.406871
0.976784
0.494512
0.0766304
0.776212
0.563885
0.271707
0.90548
0.032287
0.862923
0.444315
0.313391
0.995642
0.674888
0.750033
0.60941
0.0359049
0.0131487
0.959351
0.93027
0.121787
0.219166
0.603546
0.698404
0.865032
0.909745
0.338037
0.501438
0.233948
0.0511836
0.873385
0.337887
0.989795
0.172335
0.303058
0.768279
0.199348
0.0713064
0.707559
0.503635
0.703585
0.674713
0.521866
0.798356
0.101654
0.19995
0.794722
0.955256
0.262516
0.774999
0.690189
0.388704
0.35905
0.325939
0.587343
0.140904
0.274735
0.700153
0.921812
0.360422
0.488835
0.0611725
0.375948
0.855707
0.215366
0.655993
0.761049
0.762127
0.96478
0.386429
0.920523
0.318429
0.164618
0.873921
0.985915
0.642009
0.364973
0.061416
0.618564
0.14373
0.111273
0.00326797
0.379572
0.644044
0.959972
0.457602
0.68885
0.287932
0.827728
0.921632
0.145984
0.781779
0.602055
0.231563
0.280417
0.69179
0.0617328
0.494227
0.468525
0.336031
0.485905
0.321256
0.599894
0.774695
0.111672
0.855079
0.414854
0.590855
0.724246
0.541502
0.864794
0.451437
0.196418
0.503828
0.129167
0.140411
0.604152
0.924119
0.126832
0.242493
0.351444
0.13396
0.891791
0.553316
0.683007
0.590345
0.469771
0.185101
0.771907
0.652792
0.721494
0.24956
0.0647783
0.788278
0.66074
0.651016
0.761398
0.577495
0.519973
0.0843934
0.390136
0.907219
0.218209
0.919915
0.753625
0.143877
0.142044
0.131528
0.43922
0.403838
0.381932
0.484329
0.603005
0.64791
0.995198
0.239062
0.364171
0.948695
0.557415
0.766631
0.97203
0.914847
0.889102
0.372486
0.703471
0.601131
0.84606
0.229461
0.735656
0.805879
0.375011
0.710412
0.602426
0.470266
0.406253
0.701961
0.00409246
0.458078
0.592296
0.057518
0.450082
0.414242
0.445595
0.283115
0.383072
0.864808
0.155997
0.345523
0.752376
0.00908446
0.529306
0.0587403
0.276559
0.274961
0.669333
0.600894
0.346301
0.709024
0.310463
0.418544
0.733577
0.672991
0.0378084
0.363064
0.157793
0.761965
0.544786
0.537592
0.896373
0.0754458
0.599927
0.772561
0.354372
0.64866
0.17745
0.156743
0.220797
0.776841
0.954174
0.845979
0.25039
0.384159
0.119977
0.540665
0.432649
0.156245
0.730204
0.0199301
0.0686536
0.449406
0.614324
0.853465
0.0755434
0.426132
0.608623
0.176815
0.602513
0.434863
0.799429
0.271956
0.433616
0.696606
0.084562
0.424365
0.470314
0.149479
0.372209
0.550373
0.595369
0.316866
0.394726
0.0818067
0.718076
0.529353
0.589727
0.441487
0.851822
0.945779
0.892684
0.582271
0.550484
0.882874
0.676279
0.231781
0.969974
0.941546
0.43286
0.196203
0.732686
0.00366465
0.221626
0.685994
0.470368
0.227419
0.446651
0.955449
0.263518
0.232182
0.480427
0.485183
0.631573
0.784965
0.674302
0.396243
0.285214
0.651443
0.829205
0.775555
0.0441675
0.792375
0.280677
0.262735
0.713016
0.160178
0.73499
0.732608
0.281392
0.224775
0.392911
0.284123
0.574025
0.0444197
0.0595317
0.883659
0.499842
0.931528
0.50055
0.814196
0.526419
0.955703
0.118097
0.300708
0.312433
0.164039
0.949139
0.779275
0.724915
0.384796
0.969239
0.0507488
0.37148
0.694004
0.676358
0.406419
0.403097
0.201322
0.215619
0.605711
0.0551039
0.475404
0.127788
0.34697
0.129949
0.993305
0.793291
0.414215
0.256107
0.335116
0.8841
0.437605
0.251136
0.0112433
0.173512
0.0760844
0.605765
0.448899
0.0995567
0.298068
0.523707
0.703479
0.610547
0.0651255
0.429
0.187769
0.470515
0.684292
0.85601
0.939318
0.0447179
0.852035
0.092079
0.840446
0.387145
0.153393
0.296683
0.0883555
0.290998
0.0582367
0.754296
0.245179
0.978052
0.9811
0.940632
0.472888
0.00177753
0.370256
0.337222
0.235782
0.604389
0.701822
0.800994
0.615318
0.763257
0.476046
0.847609
0.172385
0.537966
0.902617
0.807795
0.764066
0.445669
0.671441
0.643242
0.973681
0.471783
0.0546603
0.318028
0.479262
0.280091
0.699108
0.344572
0.256734
0.0101405
0.23274
0.321058
0.863975
0.578525
0.795997
0.277074
0.915293
0.81014
0.266982
0.241797
0.353437
0.455307
0.358033
0.164572
0.222342
0.309554
0.159881
0.184532
0.611593
0.458996
0.844121
0.77321
0.886641
0.879519
0.705548
0.690552
0.473409
0.269392
0.0639017
0.0269613
0.849105
0.679501
0.129249
0.573375
0.199456
0.019925
0.352172
0.0199778
0.523772
0.960506
0.769462
0.823682
0.524072
0.572131
0.619168
0.904334
0.595905
0.974617
0.087518
0.125544
0.326918
0.0164538
0.547958
0.936916
0.412838
0.247907
0.758537
0.753681
0.719176
0.205092
0.909154
0.492651
0.70703
0.852266
0.545135
0.0281223
0.725445
0.463249
0.933274
0.790596
0.94318
0.738528
0.769458
0.367949
0.905869
0.297381
0.56445
0.545726
0.265385
0.928701
0.767956
0.631144
0.924179
0.291784
0.71067
0.450187
0.47473
0.412566
0.0617796
0.73005
0.427812
0.443256
0.220815
0.921131
0.560721
0.347725
0.969215
0.361772
0.755506
0.0906533
0.668989
0.338295
0.375124
0.832537
0.919239
0.409611
0.71995
0.420366
0.0994858
0.00905452
0.451453
0.718476
0.506652
0.0149712
0.421459
0.463155
0.720211
0.75533
0.650596
0.872021
0.690898
0.022778
0.838977
0.108829
0.565934
0.654025
0.573971
0.0218681
0.863434
0.946101
0.315902
0.759618
0.00832886
0.214695
0.418081
0.752461
0.15665
0.554662
0.0644897
0.573578
0.302479
0.217167
0.709633
0.882877
0.590369
0.238857
0.587798
0.215574
0.333511
0.681663
0.987377
0.941821
0.547864
0.68224
0.760115
0.746212
0.80401
0.0798601
0.703103
0.71921
0.751359
0.0526016
0.120209
0.618284
0.0911711
0.362041
0.888552
0.120919
0.266392
0.694193
0.174113
0.967273
0.0354893
0.00878641
0.887511
0.0574434
0.445951
0.774017
0.944099
0.693959
0.381583
0.620084
0.0974424
0.618686
0.620038
0.468561
0.443772
0.678043
0.59824
0.118513
0.193847
0.249117
0.433279
0.70018
0.23466
0.096833
0.752867
0.423084
0.821752
0.413473
0.525492
0.412679
0.00305935
0.793048
0.704705
0.559393
0.261885
0.597821
0.844609
0.0717633
0.66359
0.519218
0.245432
0.0567487
0.499076
0.958979
0.505621
0.119378
0.755161
0.124229
0.599241
0.809581
0.24099
0.800009
0.54527
0.109085
0.366427
0.0543733
0.932303
0.212658
0.929547
0.624648
0.539706
0.551956
0.02618
0.588764
0.920144
0.97585
0.78194
0.114171
0.750408
0.850926
0.471987
0.456647
0.300576
0.651711
0.361299
0.671796
0.573464
0.772944
0.527454
0.375248
0.172545
0.740894
0.0242505
0.559141
0.864403
0.785044
0.347775
0.605492
0.107618
0.719437
0.879668
0.730611
0.560747
0.816056
0.073787
0.807069
0.636208
0.832581
0.728919
0.722986
0.475401
0.76604
0.673844
0.610424
0.691548
0.60985
0.405437
0.265609
0.28978
0.420971
0.608935
0.398599
0.00501855
0.822754
0.448321
0.155766
0.556354
0.500689
0.795671
0.290619
0.0836107
0.561456
0.300544
0.00892048
0.696236
0.118674
0.878459
0.732718
0.297187
0.0768612
0.35437
0.38433
0.888608
0.774975
0.872645
0.441237
0.728047
0.836821
0.0568093
0.534046
0.419486
0.493078
0.52786
0.602192
0.33738
0.0419644
0.730312
0.539687
0.0359773
0.691655
0.534894
0.626559
0.891641
0.084147
0.203228
0.628291
0.687549
0.825855
0.552732
0.389627
0.413773
0.55621
0.658884
0.171437
0.650204
0.550736
0.668064
0.0152552
0.860417
0.15995
0.0851336
0.982858
0.469585
0.426261
0.334849
0.836161
0.540197
0.612346
0.0827807
0.526711
0.429032
0.423785
0.351852
0.939091
0.0662676
0.48348
0.126764
0.0142203
0.647682
0.846038
0.389061
0.660399
0.0879225
0.0638044
0.224414
0.823275
0.485294
0.611987
0.907908
0.00817391
0.121815
0.963973
0.92739
0.582002
0.551441
0.576768
0.219812
0.463864
0.56512
0.0273859
0.989062
0.660626
0.985689
0.209253
0.99781
0.3113
0.831487
0.839706
0.718316
0.990085
0.0693294
0.0476762
0.185636
0.0394422
0.95537
0.705493
0.476271
0.959039
0.364124
0.221962
0.164787
0.266333
0.1231
0.241437
0.961687
0.233797
0.215333
0.767095
0.967184
0.204251
0.329551
0.440284
0.376848
0.268355
0.670803
0.145025
0.0833908
0.258479
0.0625086
0.251354
0.658887
0.455409
0.231906
0.945676
0.655475
0.478409
0.032031
0.712521
0.290076
0.0664754
0.625592
0.326021
0.70364
0.572106
0.0308816
0.417682
0.595384
0.564524
0.032439
0.69679
0.519513
0.308124
0.138345
0.162486
0.0254073
0.150649
0.552902
0.271481
0.0892476
0.996036
0.423051
0.913077
0.710909
0.894574
0.873705
0.198654
0.955077
0.591074
0.243988
0.968474
0.419976
0.328197
0.316773
0.963389
0.733848
0.411678
0.33113
0.800589
0.298007
0.86748
0.102826
0.0928833
0.548165
0.945599
0.167147
0.423381
0.324446
0.540107
0.257267
0.811438
0.964545
0.328336
0.441762
0.703707
0.387285
0.846187
0.918812
0.423848
0.766771
0.252494
0.435092
0.157234
0.263078
0.0610036
0.39026
0.49276
0.0461381
0.895759
0.803662
0.820764
0.310308
0.940788
0.550169
0.444303
0.608069
0.579896
0.7404
0.304788
0.124501
0.275518
0.227384
0.54553
0.895457
0.625204
0.935798
0.344399
0.590899
0.40289
0.537038
0.461146
0.129969
0.256934
0.781006
0.313934
0.648563
0.784966
0.0724678
0.935625
0.0812049
0.0184893
0.0742601
0.254487
0.102434
0.0276269
0.544753
0.764183
0.929704
0.373151
0.902415
0.0514214
0.670732
0.716854
0.406031
0.920114
0.173107
0.328823
0.500733
0.478777
0.907895
0.651907
0.560167
0.063761
0.105623
0.898825
0.0025211
0.870431
0.591971
0.884381
0.87539
0.328076
0.182606
0.928253
0.307112
0.220191
0.250647
0.0978569
0.491483
0.186108
0.746986
0.984859
0.710742
0.40812
0.206446
0.260323
0.706526
0.548708
0.63916
0.208164
0.934068
0.344146
0.558317
0.334195
0.160336
0.398256
0.120912
0.681425
0.250606
0.417932
0.137309
0.658321
0.447421
0.798917
0.244389
0.822484
0.544474
0.457551
0.634567
0.354938
0.378638
0.66717
0.27569
0.163472
0.388703
0.961106
0.62316
0.771473
0.874449
0.430144
0.183727
0.546537
0.979775
0.546023
0.234611
0.853722
0.738971
0.382282
0.710013
0.675107
0.31757
0.430276
0.926575
0.790522
0.381205
0.365848
0.637777
0.485835
0.458044
0.0940528
0.336159
0.984516
0.99781
0.843079
0.54788
0.981296
0.886124
0.751676
0.391311
0.307504
0.225898
0.150383
0.842901
0.125494
0.129997
0.175689
0.936224
0.415137
0.513745
0.297687
0.873774
0.18681
0.397264
0.774037
0.139599
0.0102336
0.888689
0.185311
0.2765
0.887885
0.152706
0.912452
0.529918
0.266347
0.963814
0.922392
0.547186
0.713673
0.440811
0.351244
0.0210842
0.478466
0.887484
0.011847
0.248645
0.0493496
0.156536
0.184042
0.410308
0.710363
0.532058
0.150593
0.0207563
0.372936
0.702874
0.645527
0.822159
0.580128
0.880084
0.823377
0.163311
0.260908
0.767725
0.117837
0.283149
0.114119
0.879485
0.683851
0.240983
0.148661
0.481267
0.486205
0.670366
0.181781
0.929015
0.13073
0.544558
0.402506
0.462826
0.152212
0.296405
0.977716
0.31346
0.257096
0.939708
0.506272
0.119469
0.550555
0.389326
0.638757
0.0169557
0.44321
0.641346
0.766934
0.233546
0.0531254
0.535728
0.964708
0.309862
0.241828
0.902544
0.916963
0.210218
0.709482
0.172824
0.12066
0.591128
0.25769
0.266915
0.84884
0.523205
0.683391
0.349001
0.414776
0.930223
0.423689
0.932933
0.136394
0.640053
0.602032
0.342323
0.748417
0.368936
0.628014
0.969231
0.521109
0.374397
0.702899
0.518926
0.898328
0.78744
0.170288
0.434766
0.761908
0.39982
0.62863
0.98485
0.0644925
0.085618
0.824383
0.805768
0.0963189
0.831131
0.374753
0.796612
0.258275
0.00275391
0.367692
0.433699
0.148209
0.450135
0.449897
0.597507
0.707166
0.601895
0.0316173
0.138246
0.718107
0.743745
0.0936403
0.0847607
0.770089
0.774341
0.415223
0.524618
0.556638
0.130175
0.500958
0.289023
0.896092
0.0874855
0.0412828
0.393505
0.797835
0.245525
0.737348
0.760369
0.35088
0.437116
0.413468
0.544639
0.931301
0.55393
0.468681
0.554328
0.780629
0.0920423
0.616241
0.335401
0.194909
0.102836
0.597591
0.753186
0.958257
0.936648
0.708478
0.78362
0.324136
0.983046
0.986356
0.585588
0.729918
0.694559
0.580595
0.28149
0.122658
0.679108
0.0419463
0.892127
0.648606
0.445183
0.712296
0.732979
0.487052
0.584409
0.332812
0.590519
0.895194
0.469348
0.509502
0.030435
0.460189
0.788382
0.920428
0.0924188
0.763761
0.395573
0.665478
0.0935912
0.0262106
0.480458
0.541519
0.126173
0.468133
0.967904
0.0897019
0.993867
0.586554
0.250232
0.330586
0.998628
0.192485
0.158197
0.59025
0.09996
0.0161073
0.706947
0.409883
0.457575
0.663679
0.0501138
0.395404
0.74079
0.287577
0.221289
0.376436
0.115284
0.550968
0.747066
0.947964
0.518104
0.0408805
0.428842
0.668136
0.485278
0.947406
0.265124
0.303777
0.659541
0.872054
0.389796
0.379049
0.785255
0.628923
0.151667
0.924957
0.794387
0.625185
0.708125
0.0309687
0.727277
0.600884
0.440513
0.432178
0.132982
0.0210713
0.0960394
0.927814
0.998845
0.517541
0.680377
0.670538
0.147373
0.0565914
0.189651
0.976028
0.950456
0.138149
0.278352
0.516665
0.935035
0.36678
0.537762
0.333314
0.154951
0.577784
0.0954849
0.520758
0.802365
0.806803
0.242727
0.223022
0.386072
0.318058
0.630164
0.321411
0.696272
0.761858
0.750292
0.883224
0.367177
0.963518
0.596594
0.660763
0.786982
0.927922
0.699027
0.344288
0.0891405
0.0170934
0.330609
0.15971
0.845932
0.823578
0.465933
0.374143
0.337155
0.302057
0.859
0.0640915
0.879232
0.368181
0.624905
0.573791
0.717776
0.935877
0.870716
0.871345
0.301974
0.374866
0.507657
0.811679
0.129062
0.0972596
0.216177
0.642592
0.41979
0.799636
0.972636
0.896716
0.838539
0.278378
0.518713
0.917157
0.619413
0.972541
0.0311809
0.323394
0.190381
0.67508
0.367241
0.258867
0.636728
0.159757
0.078983
0.114629
0.725347
0.744063
0.339699
0.650737
0.890626
0.899004
0.95865
0.93021
0.466824
0.280159
0.543183
0.286423
0.352436
0.435834
0.437294
0.441822
0.26695
0.321616
0.197772
0.685662
0.0969728
0.0332018
0.208374
0.589373
0.18025
0.380858
0.271266
0.278107
0.46942
0.368887
0.0978288
0.447392
0.541696
0.781618
0.636933
0.269998
0.272415
0.761484
0.701031
0.045702
0.980515
0.218242
0.276683
0.606855
0.963939
0.0268143
0.593494
0.858747
0.110927
0.603955
0.873082
0.49872
0.0274047
0.887862
0.146447
0.103126
0.84123
0.420327
0.745795
0.739697
0.79978
0.833567
0.552696
0.330341
0.414521
0.318238
0.752876
0.87232
0.439713
0.606763
0.934307
0.510166
0.567843
0.13595
0.381411
0.749631
0.259435
0.145774
0.787691
0.213534
0.870184
0.516784
0.872539
0.240918
0.910561
0.559451
0.904126
0.0227699
0.189523
0.981863
0.158174
0.568259
0.527804
0.604644
0.426236
0.0635761
0.856014
0.137203
0.825098
0.872723
0.873286
0.583361
0.623375
0.579729
0.0434113
0.612739
0.10446
0.525787
0.645904
0.431245
0.286654
0.522658
0.400002
0.757038
0.289314
0.784437
0.470337
0.336671
0.857588
0.948832
0.531029
0.85342
0.974625
0.107027
0.574433
0.186009
0.960738
0.847166
0.0604273
0.345828
0.834207
0.732319
0.900243
0.696659
0.414591
0.979845
0.22173
0.680923
0.721162
0.8246
0.363888
0.697747
0.457812
0.874833
0.0331192
0.0670309
0.321581
0.287633
0.087296
0.813524
0.331784
0.556571
0.731172
0.330025
0.765033
0.944799
0.547738
0.68069
0.646393
0.613579
0.0748634
0.900097
0.00868775
0.491641
0.0138411
0.338754
0.919523
0.551589
0.421136
0.717205
0.35602
0.997406
0.453066
0.524073
0.57122
0.133413
0.0197151
0.847586
0.248275
0.792355
0.258606
0.760468
0.844559
0.494869
0.930785
0.418081
0.122864
0.798351
0.0771175
0.0192692
0.798508
0.904818
0.67823
0.223856
0.0694013
0.973375
0.560551
0.640684
0.973985
0.610052
0.582073
0.478384
0.235699
0.0840529
0.153067
0.511635
0.195148
0.859891
0.722718
0.821617
0.348449
0.354172
0.493905
0.681966
0.435851
0.668519
0.581062
0.820416
0.655646
0.224708
0.826532
0.776377
0.434227
0.65912
0.0474096
0.782783
0.948015
0.629248
0.779821
0.661885
0.81631
0.091598
0.666285
0.0697388
0.584073
0.978069
0.293436
0.368656
0.64599
0.554272
0.0507201
0.972664
0.793963
0.67181
0.957522
0.279257
0.255826
0.616569
0.178718
0.0505557
0.470566
0.34011
0.27206
0.797204
0.513126
0.576677
0.364455
0.685946
0.691277
0.214325
0.0952684
0.78057
0.682423
0.218464
0.304045
0.41665
0.0718646
0.931194
0.544253
0.494906
0.810806
0.0800391
0.234492
0.260025
0.991435
0.348206
0.0571661
0.703165
0.942085
0.101919
0.189603
0.167734
0.289812
0.128359
0.88074
0.792948
0.783967
0.877166
0.0829841
0.613493
0.967042
0.182675
0.674441
0.0705411
0.0746173
0.488266
0.330551
0.729216
0.411125
0.520892
0.275572
0.347398
0.616464
0.946913
0.666505
0.564997
0.229744
0.593476
0.247912
0.382907
0.277724
0.928078
0.81353
0.428486
0.0909316
0.300923
0.715264
0.138464
0.793905
0.40532
0.810911
0.420619
0.749055
0.376843
0.797653
0.836582
0.975839
0.984123
0.869947
0.88092
0.401518
0.685646
0.0457805
0.769056
0.802427
0.94536
0.980748
0.705999
0.383263
0.098153
0.580662
0.891504
0.53758
0.375883
0.257336
0.331352
0.233408
0.545743
0.638594
0.997901
0.272559
0.791138
0.955219
0.563868
0.229426
0.961428
0.938808
0.0910001
0.388976
0.629678
0.120542
0.208726
0.953999
0.930997
0.991827
0.118352
0.734498
0.104713
0.420367
0.458764
0.484467
0.489781
0.322399
0.814876
0.423211
0.236371
0.75721
0.306937
0.709273
0.863075
0.219247
0.65403
0.568919
0.718929
0.962797
0.527105
0.254445
0.123818
0.330204
0.917658
0.0820394
0.476062
0.110586
0.665758
0.141733
0.669197
0.339975
0.925218
0.660389
0.43705
0.714782
0.300918
0.636828
0.219403
0.144322
0.172178
0.448393
0.651853
0.732306
0.252513
0.682916
0.441305
0.593197
0.384273
0.625816
0.677374
0.156076
0.773228
0.179155
0.526002
0.739003
0.312022
0.713001
0.873553
0.460598
0.473265
0.0283746
0.116472
0.887998
0.984641
0.48691
0.838552
0.572192
0.456455
0.510123
0.324159
0.598076
0.226432
0.101706
0.86176
0.92981
0.0489415
0.81306
0.370934
0.910006
0.902402
0.888243
0.210925
0.288231
0.363116
0.165394
0.561699
0.765924
0.641252
0.146944
0.0963439
0.724741
0.592478
0.217903
0.962297
0.27703
0.387902
0.439858
0.264736
0.502667
0.770258
0.545635
0.16543
0.784529
0.66329
0.0795763
0.358718
0.526157
0.305516
0.667642
0.553855
0.752021
0.804392
0.693306
0.444799
0.856994
0.504464
0.100024
0.281523
0.996574
0.944806
0.142925
0.944884
0.0231399
0.526251
0.94796
0.424099
0.385519
0.855509
0.370407
0.537183
0.658432
0.718301
0.760766
0.657964
0.823128
0.836063
0.298676
0.623063
0.859282
0.159839
0.286232
0.0521445
0.970203
0.184661
0.225441
0.805
0.628392
0.927136
0.482324
0.999382
0.746153
0.583598
0.782047
0.442792
0.276264
0.705735
0.988991
0.456478
0.469139
0.36494
0.560742
0.714824
0.817277
0.00811753
0.19085
0.42657
0.624285
0.566462
0.846285
0.966214
0.441022
0.496497
0.0740498
0.265918
0.301246
0.827577
0.399081
0.218376
0.341453
0.783062
0.493413
0.96806
0.0735805
0.292057
0.996749
0.755781
0.457566
0.303074
0.119837
0.0934602
0.680127
0.0561845
0.3845
0.0798437
0.135414
0.148018
0.276589
0.778755
0.144492
0.327012
0.124897
0.0403404
0.0102711
0.218382
0.0739232
0.0866127
0.844236
0.782497
0.61995
0.989759
0.591418
0.723124
0.426077
0.227347
0.373705
0.240951
0.241686
0.281147
0.652474
0.997072
0.580544
0.891972
0.0270577
0.435193
0.124764
0.0219761
0.693933
0.446201
0.619847
0.088489
0.583483
0.417717
0.845268
0.236429
0.0601044
0.761217
0.0467336
0.54433
0.0854507
0.030467
0.687152
0.262609
0.686031
0.127027
0.151071
0.489339
0.892281
0.835003
0.867139
0.503394
0.999893
0.0486449
0.076666
0.594697
0.0325786
0.359326
0.935369
0.725639
0.863906
0.580529
0.724585
0.72798
0.396125
0.993233
0.52597
0.0792679
0.88626
0.155789
0.518316
0.695463
0.135648
0.335751
0.534128
0.672988
0.545038
0.500176
0.081685
0.741828
0.145773
0.703424
0.110679
0.435331
0.00755413
0.612165
0.155758
0.224186
0.395265
0.564541
0.684089
0.174459
0.823249
0.173225
0.405313
0.535194
0.306836
0.561436
0.594249
0.590089
0.105973
0.07169
0.242433
0.238751
0.874127
0.790018
0.472041
0.054194
0.805511
0.692466
0.841939
0.828982
0.530646
0.769853
0.17053
0.242727
0.981612
0.49451
0.403519
0.310206
0.361137
0.997429
0.408763
0.121811
0.56898
0.20244
0.94643
0.0183475
0.560897
0.190475
0.0327121
0.145654
0.471583
0.53944
0.211355
0.196546
0.587691
0.98454
0.00790505
0.319432
0.487924
0.232064
0.596476
0.846948
0.209082
0.344796
0.284038
0.575585
0.856836
0.331747
0.432065
0.894135
0.894812
0.531092
0.746876
0.683628
0.542787
0.0609242
0.0566756
0.541555
0.444446
0.256516
0.881851
0.187805
0.628455
0.76469
0.571601
0.254832
0.602814
0.802803
0.340903
0.0937643
0.736546
0.918749
0.50253
0.642256
0.563165
0.612134
0.858617
0.331903
0.709081
0.547973
0.668589
0.829937
0.87116
0.380041
0.293998
0.742661
0.333286
0.82399
0.098511
0.143698
9.00631e-05
0.862554
0.956438
0.575571
0.664205
0.0153117
0.244358
0.640324
0.319654
0.132895
0.0494493
0.546753
0.640391
0.630017
0.726388
0.36169
0.884461
0.581189
0.958822
0.0437115
0.812784
0.843849
0.734761
0.715493
0.39925
0.949432
0.623948
0.688058
0.324432
0.197415
0.686509
0.791986
0.342819
0.368754
0.353252
0.874969
0.866975
0.0951035
0.425459
0.399868
0.022153
0.0413459
0.437103
0.62491
0.761253
0.268353
0.000813888
0.838381
0.711581
0.548778
0.413801
0.00440988
0.851548
0.628631
0.762489
0.393163
0.449487
0.279704
0.967842
0.63457
0.171188
0.589576
0.967676
0.487274
0.596095
0.233244
0.946824
0.779783
0.858396
0.804033
0.90786
0.337923
0.876803
0.753847
0.412364
0.584946
0.837101
0.36689
0.137067
0.6899
0.785384
0.357626
0.469022
0.616463
0.520082
0.527283
0.347005
0.215941
0.201227
0.843185
0.37464
0.540408
0.604396
0.287154
0.647571
0.465635
0.806398
0.792451
0.478027
0.21314
0.286751
0.034052
0.171934
0.129402
0.131445
0.350485
0.865572
0.918148
0.841886
0.0254078
0.612145
0.199755
0.162456
0.234328
0.524845
0.568603
0.135028
0.193722
0.257527
0.844213
0.478005
0.319208
0.609073
0.117264
0.130701
0.47544
0.353778
0.916906
0.400126
0.732643
0.736225
0.739415
0.346334
0.170001
0.0330742
0.661326
0.515707
0.686477
0.0409396
0.246503
0.661608
0.712664
0.422156
0.774623
0.273841
0.512536
0.437975
0.104926
0.697906
0.393513
0.325886
0.611815
0.630561
0.154012
0.60876
0.513723
0.474862
0.543768
0.0259914
0.069231
0.650861
0.27989
0.202352
0.945912
0.111523
0.433612
0.200745
0.564967
0.196404
0.37179
0.382526
0.626678
0.178357
0.845818
0.588526
0.13675
0.895092
0.0438554
0.334831
0.469641
0.612151
0.178058
0.76547
0.19705
0.745126
0.559947
0.502889
0.43086
0.821328
0.144337
0.307911
0.569411
0.864698
0.145659
0.772119
0.574729
0.0633959
0.34868
0.706749
0.378659
0.469154
0.369873
0.0280378
0.0932561
0.204223
0.813426
0.834788
0.697083
0.227545
0.64216
0.60227
0.826366
0.329814
0.0940301
0.042064
0.395375
0.689601
0.749155
0.327926
0.247858
0.923596
0.823462
0.488337
0.299607
0.99621
0.876413
0.612322
0.04963
0.0953774
0.969564
0.984249
0.464457
0.998399
0.463933
0.503101
0.210466
0.929705
0.772161
0.78539
0.977097
0.739539
0.323145
0.0283128
0.724119
0.571808
0.412516
0.971623
0.506473
0.943463
0.271229
0.471199
0.653811
0.63148
0.628938
0.604426
0.811788
0.292613
0.383507
0.164268
0.492549
0.537965
0.950374
0.812059
0.129956
0.150257
0.944575
0.349908
0.0769195
0.512278
0.56038
0.975214
0.257207
0.443938
0.69497
0.0164977
0.896327
0.243036
0.835629
0.0809099
0.0783162
0.39485
0.0226091
0.25972
0.915376
0.631657
0.504256
0.981559
0.0415674
0.930429
0.684445
0.325729
0.321212
0.614501
0.243153
0.799543
0.0967495
0.438755
0.0815615
0.0727733
0.194771
0.296836
0.119612
0.141899
0.313603
0.572762
0.755668
0.378871
0.251645
0.438826
0.450922
0.203173
0.597284
0.751559
0.835308
0.106674
0.516631
0.554706
0.626188
0.716871
0.109298
0.813538
0.747787
0.668614
0.210752
0.0985078
0.727693
0.222592
0.0868352
0.309587
0.652012
0.24798
0.176241
0.462108
0.106725
0.0015037
0.598498
0.199464
0.402479
0.306535
0.15584
0.964502
0.399521
0.935313
0.677293
0.932267
0.964836
0.611879
0.876192
0.560572
0.804752
0.844939
0.591971
0.786788
0.858951
0.740894
0.0956266
0.654131
0.461876
0.134996
0.294412
0.0430159
0.861591
0.540116
0.515134
0.173068
0.777551
0.440866
0.808049
0.831847
0.208735
0.160942
0.0522729
0.228012
0.781162
0.235724
0.699085
0.475903
0.305258
0.580244
0.986411
0.695744
0.482539
0.440761
0.622232
0.164422
0.644603
0.0815527
0.235496
0.600331
0.0392552
0.624655
0.207163
0.332022
0.456144
0.935182
0.422158
0.601233
0.260599
0.339336
0.576645
0.814871
0.820895
0.228176
0.752439
0.780597
0.36333
0.0190905
0.956771
0.153918
0.132561
0.327337
0.215789
0.900109
0.408953
0.903958
0.887869
0.714132
0.0973602
0.092448
0.153159
0.657563
0.377167
0.0762411
0.382939
0.919605
0.208851
0.158598
0.0391096
0.923311
0.303976
0.439769
0.94626
0.0755707
0.864468
0.728725
0.898369
0.672085
0.141941
0.298654
0.12803
0.771626
0.107069
0.260376
0.860145
0.847513
0.242609
0.0813328
0.836117
0.102711
0.262267
0.380414
0.772044
0.814505
0.178904
0.964209
0.85566
0.173079
0.825304
0.669377
0.592727
0.983115
0.433047
0.371832
0.137089
0.879297
0.664204
0.434927
0.240522
0.703867
0.928793
0.847127
0.831085
0.844015
0.338817
0.229845
0.796587
0.64108
0.128604
0.675472
0.928743
0.821894
0.510812
0.632051
0.730906
0.560307
0.705343
0.834062
0.336588
0.269702
0.766724
0.667227
0.216293
0.444827
0.408784
0.923231
0.33637
0.375336
0.651296
0.214792
0.403802
0.473745
0.757756
0.306991
0.778685
0.337114
0.224189
0.0968884
0.222817
0.431065
0.396374
0.407316
0.833097
0.500722
0.120332
0.213418
0.475077
0.451196
0.473786
0.93546
0.256349
0.627481
0.763826
0.898124
0.287245
0.991883
0.503411
0.735565
0.124918
0.202693
0.769491
0.0864604
0.541878
0.623169
0.285513
0.583924
0.339787
0.677116
0.595453
0.222326
0.746011
0.951344
0.349242
0.0758293
0.500407
0.0919477
0.789592
0.247687
0.441166
0.284612
0.121837
0.0351635
0.472646
0.325924
0.80475
0.490756
0.0342788
0.0478772
0.635103
0.890241
0.930603
0.312136
0.712931
0.750801
0.440462
0.794257
0.676795
0.194627
0.294344
0.0445259
0.958652
0.143966
0.67234
0.654299
0.997103
0.365568
0.474365
0.0760521
0.654751
0.199393
0.00534301
0.751295
0.795881
0.953908
0.832659
0.906429
0.615271
0.0662897
0.154664
0.691998
0.758683
0.00287553
0.783451
0.739255
0.183464
0.319104
0.189023
0.995077
0.109314
0.922012
0.0659243
0.179881
0.617989
0.654573
0.550356
0.522066
0.668935
0.273039
0.917522
0.854197
0.854059
0.339116
0.597399
0.493517
0.280644
0.77618
0.071738
0.255981
0.761023
0.351766
0.273865
0.576346
0.222373
0.540263
0.135181
0.661312
0.113761
0.0759769
0.736147
0.337571
0.221
0.826775
0.244639
0.68443
0.676728
0.707668
0.536738
0.626785
0.456821
0.250478
0.110435
0.75402
0.128665
0.594574
0.0892464
0.720866
0.446147
0.583053
0.251399
0.628724
0.0049291
0.81532
0.383716
0.462488
0.522791
0.379317
0.819363
0.322814
0.738911
0.281769
0.593981
0.721753
0.0315701
0.88729
0.450547
0.611999
0.192717
0.197804
0.716466
0.688731
0.700769
0.616035
0.0219175
0.939995
0.509288
0.205704
0.498737
0.866393
0.553138
0.637137
0.536682
0.484987
0.897498
0.746403
0.761289
0.394144
0.706543
0.489696
0.710725
0.0101929
0.983519
0.755722
0.26854
0.290549
0.218962
0.524425
0.758342
0.0576659
0.528602
0.780802
0.582755
0.0949395
0.854721
0.673132
0.971839
0.422755
0.935445
0.218186
0.177106
0.797826
0.708239
0.980656
0.21076
0.640903
0.178561
0.76276
0.536417
0.427643
0.860319
0.600404
0.313105
0.065359
0.00514199
0.244627
0.355157
0.679206
0.689551
0.324827
0.501173
0.263465
0.657579
0.686284
0.997013
0.495692
0.00524684
0.222501
0.679795
0.0393737
0.367861
0.443401
0.645287
0.841974
0.408146
0.571298
0.6484
0.849832
0.479414
0.647057
0.37579
0.583276
0.929146
0.168266
0.210668
0.905965
0.527903
0.420125
0.271654
0.778893
0.0821067
0.626356
0.487469
0.179276
0.986428
0.403869
0.297937
0.201343
0.450833
0.552085
0.539532
0.925879
0.284299
0.87688
0.27173
0.706764
0.635122
0.238399
0.21177
0.193736
0.357037
0.649524
0.290102
0.722733
0.512094
0.416555
0.451665
0.792573
0.905088
0.206997
0.921489
0.00925335
0.592404
0.188478
0.075672
0.726231
0.645159
0.351286
0.38576
0.310524
0.529602
0.827632
0.983938
0.129341
0.821989
0.291738
0.502783
0.0254857
0.446816
0.0564425
0.701219
0.974449
0.59018
0.473777
0.01152
0.658977
0.0977143
0.215603
0.416409
0.940086
0.605486
0.416965
0.486294
0.535918
0.294354
0.860466
0.423576
0.11418
0.430179
0.0704208
0.820327
0.870033
0.123738
0.767615
0.458915
0.620738
0.869954
0.738004
0.875886
0.666665
0.487014
0.896495
0.490235
0.182541
0.387598
0.966926
0.496613
0.80043
0.444965
0.784289
0.323017
0.0457389
0.535712
0.933811
0.179862
0.906941
0.0200435
0.745142
0.318272
0.273203
0.565053
0.24636
0.49769
0.667402
0.0635578
0.113735
0.658103
0.834445
0.327979
0.161527
0.196873
0.999991
0.347402
0.44821
0.099117
0.928414
0.505204
0.0660269
0.890219
0.0464222
0.338368
0.443819
0.607709
0.128922
0.0665472
0.477743
0.689168
0.0675729
0.456326
0.414385
0.790827
0.832816
0.97492
0.307772
0.314392
0.597199
0.461672
0.831781
0.744043
0.677489
0.0211693
0.357381
0.460307
0.957155
0.12909
0.353716
0.696431
0.178538
0.880245
0.762702
0.888222
0.120921
0.927429
0.689054
0.965725
0.523072
0.00217518
0.949072
0.162197
0.559039
0.482937
0.163577
0.825376
0.644414
0.835573
0.736376
0.129237
0.778177
0.799894
0.838512
0.675941
0.180205
0.86445
0.477733
0.0943606
0.490476
0.53845
0.760845
0.681142
0.733702
0.0622347
0.668505
0.881225
0.259678
0.339288
0.496955
0.198483
0.369342
0.825929
0.756328
0.0602836
0.203719
0.591267
0.203418
0.304413
0.152672
0.883058
0.572153
0.231255
0.0240587
0.914314
0.98221
0.791417
0.973137
0.595621
0.614233
0.3547
0.97945
0.39487
0.473418
0.602704
0.762955
0.252189
0.86855
0.409765
0.154957
0.292821
0.663264
0.792998
0.412976
0.277672
0.490538
0.376947
0.0986651
0.895666
0.14271
0.930084
0.404304
0.620789
0.621652
0.730278
0.735549
0.708919
0.0125978
0.252579
0.547379
0.711743
0.507384
0.987168
0.87212
0.106201
0.969081
0.212866
0.847688
0.891539
0.58118
0.0172684
0.676175
0.371314
0.293694
0.313973
0.62194
0.615871
0.939761
0.48936
0.426916
0.865741
5.32925e-05
0.376899
0.604724
0.864749
0.857909
0.643475
0.420779
0.593764
0.122487
0.646012
0.477677
0.238235
0.951468
0.659747
0.896042
0.440381
0.105368
0.128753
0.652228
0.510306
0.474805
0.773428
0.4868
0.945064
0.527874
0.371331
0.987806
0.457791
0.6715
0.317651
0.284597
0.435521
0.736483
0.4441
0.172055
0.948901
0.50341
0.475214
0.0529546
0.231166
0.159809
0.364134
0.451984
0.783394
0.966017
0.925092
0.717095
0.99074
0.908668
0.965306
0.841564
0.567536
0.634054
0.877459
0.525951
0.521224
0.681164
0.144833
0.27998
0.230273
0.973677
0.334504
0.65392
0.351818
0.528639
0.608821
0.072366
0.47064
0.185175
0.645176
0.70339
0.0349235
0.151942
0.0131043
0.860034
0.548488
0.0219031
0.178528
0.963559
0.497498
0.773067
0.552658
0.352558
0.647583
0.12488
0.759914
0.950833
0.672064
0.907435
0.204906
0.238489
0.560795
0.483549
0.457193
0.251791
0.300451
0.414951
0.671865
0.620184
0.172503
0.513932
0.112207
0.343851
0.750678
0.230071
0.635406
0.49996
0.821189
0.394413
0.115136
0.965492
0.820813
0.407742
0.364543
0.95436
0.248285
0.126752
0.416617
0.929666
0.62177
0.0408463
0.252527
0.22472
0.400709
0.868557
0.14587
0.474323
0.770138
0.474753
0.0517611
0.343136
0.511833
0.993034
0.154396
0.415484
0.448286
0.897377
0.0757382
0.444644
0.382854
0.0397793
0.887126
0.191286
0.82071
0.872631
0.678683
0.445956
0.73206
0.459901
0.549815
0.532383
0.284802
0.281424
0.381205
0.806386
0.58035
0.576976
0.882202
0.379193
0.232038
0.154457
0.1325
0.760102
0.497038
0.118184
0.647904
0.905305
0.398143
0.204479
0.621426
0.121268
0.636394
0.0992201
0.899105
0.380704
0.279116
0.385251
0.413332
0.0835951
0.529105
0.698465
0.493587
0.752824
0.236768
0.251477
0.45071
0.633558
0.457119
0.947521
0.460601
0.796103
0.13557
0.537304
0.120052
0.616144
0.120501
0.808134
0.283376
0.870216
0.970415
0.570934
0.40599
0.574716
0.867837
0.625371
0.782663
0.311645
0.415674
0.226955
0.31594
0.139334
0.172539
0.49031
0.928945
0.108319
0.296287
0.616401
0.967449
0.373681
0.186546
0.933101
0.026144
0.476242
0.331942
0.0155172
0.119308
0.726783
0.230436
0.996607
0.750442
0.410557
0.0776969
0.387855
0.415093
0.582954
0.793787
0.349837
0.77336
0.794557
0.142089
0.463885
0.623225
0.60921
0.37724
0.129659
0.411995
0.513957
0.889556
0.719964
0.589856
0.615383
0.434365
0.729566
0.0418434
0.944577
0.0281892
0.460817
0.661219
0.584967
0.289299
0.821308
0.887829
0.801213
0.620037
0.361943
0.448084
0.611109
0.611332
0.6727
0.680033
0.770446
0.928429
0.949502
0.779681
0.101359
0.502341
0.302153
0.687611
0.934157
0.0528348
0.382993
0.967569
0.858658
0.5041
0.789023
0.914059
0.134803
0.602897
0.0161766
0.80781
0.716216
0.0846263
0.85539
0.721815
0.723788
0.410508
0.212256
0.960419
0.704077
0.472083
0.58097
0.964827
0.336569
0.16168
0.403334
0.526033
0.814009
0.0316008
0.166462
0.616355
0.931902
0.173384
0.804695
0.787138
0.914511
0.789011
0.248429
0.0195071
0.259161
0.211091
0.814445
0.204219
0.910987
0.846148
0.530822
0.997523
0.545653
0.00965035
0.758301
0.371791
0.898049
0.592803
0.555649
0.304931
0.809025
0.858091
0.576867
0.548312
0.407772
0.0168202
0.755143
0.843396
0.813826
0.125023
0.885792
0.938656
0.261993
0.327101
0.862861
0.56769
0.357286
0.306589
0.65659
0.841154
0.577027
0.526084
0.508314
0.87888
0.703869
0.286862
0.343589
0.411155
0.515767
0.398068
0.237188
0.222768
0.229285
0.159067
0.552236
0.679459
0.281651
0.176688
0.988103
0.393023
0.0846641
0.932689
0.303844
0.397169
0.142016
0.52556
0.913301
0.775572
0.747513
0.48085
0.302712
0.978372
0.17163
0.213276
0.514183
0.305045
0.415802
0.54225
0.273967
0.743539
0.56782
0.976871
0.484575
0.85309
0.880521
0.801603
0.0773796
0.789942
0.670659
0.502717
0.756317
0.790299
0.00579306
0.268681
0.74534
0.719028
0.0279916
0.500563
0.746019
0.910173
0.511105
0.933157
0.245177
0.683364
0.667668
0.815014
0.695471
0.8313
0.915394
0.990677
0.140205
0.144281
0.107979
0.264077
0.160368
0.360768
0.439934
0.92454
0.983082
0.54356
0.846595
0.78417
0.929557
0.44197
0.512996
0.354517
0.151485
0.551095
0.840542
0.0522111
0.393971
0.795811
0.070934
0.415625
0.401425
0.722535
0.686409
0.609148
0.0293838
0.716588
0.0194083
0.214294
0.789108
0.959146
0.919797
0.956372
0.689132
0.519112
0.922331
0.571936
0.767344
0.477636
0.0523472
0.4909
0.805645
0.338236
0.382254
0.42195
0.435564
0.432367
0.852698
0.887813
0.929731
0.736731
0.306099
0.0172396
0.011237
0.940764
0.968117
0.416613
0.465048
0.839018
0.269919
0.776649
0.918452
0.107127
0.889736
0.694919
0.935385
0.0428118
0.212534
0.347275
0.75157
0.662823
0.116102
0.498218
0.556386
0.0329661
0.845141
0.835494
0.386018
0.987728
0.801429
0.927192
0.341468
0.720434
0.360955
0.601481
0.356493
0.933772
0.0106759
0.725003
0.579751
0.929795
0.976618
0.263471
0.549274
0.76248
0.611791
0.293754
0.578837
0.6878
0.127316
0.0976378
0.670038
0.272919
0.167123
0.854033
0.172437
0.79625
0.307893
0.427615
0.850504
0.960289
0.30438
0.349559
0.139523
0.145506
0.844708
0.288927
0.808572
0.909564
0.9488
0.325813
0.97512
0.501544
0.9045
0.464738
0.644456
0.576438
0.397434
0.693401
0.522914
0.331922
0.145088
0.787689
0.0774409
0.237044
0.0817484
0.0609489
0.95992
0.258706
0.790741
0.464098
0.223463
0.793397
0.278886
0.756375
0.06093
0.297199
0.596983
0.232845
0.571534
0.767692
0.426202
0.411937
0.368416
0.996899
0.518306
0.698628
0.126802
0.889803
0.243287
0.72895
0.230317
0.609838
0.146261
0.752294
0.609702
0.332922
0.835096
0.310376
0.0779875
0.332348
0.705924
0.878055
0.122776
0.989108
0.119944
0.222881
0.683313
0.704489
0.685957
0.726322
0.948983
0.764309
0.654575
0.611129
0.095616
0.722075
0.131144
0.464533
0.174721
0.349045
0.929125
0.843027
0.968044
0.619006
0.901927
0.779212
0.532582
0.644574
0.284994
0.811903
0.277821
0.979558
0.903667
0.626326
0.0415836
0.8696
0.462322
0.663064
0.179402
0.333281
0.918526
0.000114061
0.311005
0.740586
0.28734
0.0626163
0.655928
0.372376
0.509268
0.142298
0.458257
0.0558402
0.18994
0.239863
0.193396
0.0764192
0.904426
0.281621
0.521843
0.41288
0.414963
0.185109
0.0656116
0.362619
0.90275
0.224271
0.957598
0.814169
0.866252
0.741283
0.358563
0.634741
0.8304
0.126496
0.361934
0.0723199
0.577467
0.493287
0.252731
0.617997
0.32348
0.158354
0.312653
0.54417
0.404348
0.58457
0.376555
0.918996
0.730663
0.365714
0.502473
0.563616
0.573975
0.635895
0.710547
0.728944
0.0281847
0.0532545
0.726211
0.667713
0.797428
0.92259
0.133307
0.629044
0.127736
0.200952
0.146063
0.82048
0.91858
0.83032
0.926488
0.507842
0.183883
0.401137
0.524335
0.514743
0.65526
0.773359
0.431553
0.454309
0.844016
0.0868499
0.670914
0.150604
0.69309
0.135448
0.48783
0.938202
0.371615
0.192072
0.948065
0.0116172
0.775484
0.175587
0.866641
0.600448
0.0442501
0.353536
0.882812
0.251102
0.431762
0.164831
0.511443
0.133473
0.571302
0.962471
0.647461
0.917376
0.149508
0.44149
0.607826
0.275352
0.175274
0.936271
0.403188
0.371635
0.98137
0.19105
0.949316
0.210469
0.243522
0.316121
0.832548
0.301346
0.925005
0.0748743
0.0100025
0.302663
0.966828
0.512171
0.408123
0.49187
0.4976
0.14735
0.439005
0.779039
0.64995
0.286229
0.812051
0.49984
0.130699
0.00237349
0.245523
0.906715
0.2453
0.0250833
0.993074
0.0941212
0.168217
0.940813
0.609841
0.701977
0.171389
0.907687
0.666657
0.469449
0.648696
0.0635705
0.699679
0.205027
0.954701
0.750841
0.280684
0.440601
0.49395
0.931049
0.788816
0.385369
0.360425
0.353802
0.77679
0.206797
0.505012
0.586946
0.657411
0.40357
0.592661
0.848115
0.172643
0.296986
0.059711
0.996358
0.336326
0.576355
0.499608
0.26159
0.607711
0.953607
0.160636
0.411127
0.131851
0.495396
0.663056
0.864025
0.0813015
0.781487
0.0514242
0.461987
0.130172
0.24858
0.153924
0.372967
0.0130577
0.0139173
0.288132
0.0533708
0.764652
0.240828
0.262617
0.299914
0.633351
0.29749
0.774979
0.0318109
0.223966
0.689282
0.596546
0.590932
0.112671
0.985892
0.0912617
0.364411
0.839492
0.0160199
0.357954
0.101933
0.771281
0.942318
0.390012
0.711906
0.170955
0.496623
0.709866
0.561574
0.286381
0.337271
0.875869
0.577763
0.949198
0.810505
0.585416
0.45848
0.102914
0.871947
0.201238
0.0337178
0.592166
0.969669
0.240364
0.231433
0.271862
0.178905
0.823543
0.826948
0.470432
0.428274
0.638247
0.33353
0.470391
0.190767
0.933582
0.0337997
0.319726
0.00265189
0.153678
0.403363
0.483002
0.128475
0.258163
0.998862
0.958661
0.937875
0.740198
0.443472
0.643428
0.753472
0.102481
0.725574
0.604706
0.312685
0.297039
0.00820283
0.84982
0.27202
0.521491
0.112537
0.26324
0.308679
0.971068
0.818763
0.298202
0.652691
0.214644
0.957319
0.941414
0.527376
0.641391
0.500928
0.27492
0.27336
0.529712
0.577279
0.614677
0.047971
0.506002
0.633441
0.209445
0.306825
0.000829642
0.886194
0.132145
0.910041
0.121951
0.631311
0.00837067
0.107831
0.315933
0.269804
0.838216
0.322962
0.143111
0.457527
0.552645
0.594352
0.0178914
0.160295
0.854384
0.481175
0.679751
0.670005
0.959466
0.680117
0.0294949
0.0253658
0.747393
0.498874
0.0609218
0.451521
0.182638
0.115621
0.327604
0.882314
0.0752901
0.291238
0.977893
0.769575
0.282883
0.533186
0.0470607
0.0420046
0.0544828
0.231733
0.670471
0.810992
0.928878
0.39326
0.607899
0.0306318
0.881906
0.0261471
0.787981
0.307401
0.291112
0.442198
0.348295
0.892228
0.0704133
0.421282
0.841005
0.739198
0.219757
0.697421
0.858539
0.331787
0.724457
0.369187
0.264966
0.77941
0.561943
0.66701
0.398396
0.233801
0.800333
0.914448
0.375505
0.250794
0.828859
0.02824
0.20827
0.984554
0.798727
0.956157
0.244592
0.0320982
0.241438
0.140988
0.510976
0.6944
0.88828
0.0487058
0.0332792
0.080221
0.682091
0.127024
0.811775
0.961741
0.52292
0.932913
0.363806
0.921174
0.110398
0.191712
0.303867
0.385677
0.059223
0.833271
0.256292
0.935556
0.699383
0.769066
0.740993
0.0274342
0.890751
0.192354
0.469656
0.230721
0.667507
0.727818
0.340904
0.0608964
0.79209
0.170035
0.955185
0.133128
0.406597
0.129089
0.624071
0.574427
0.0674257
0.830108
0.655946
0.0151513
0.0604228
0.712265
0.539081
0.227675
0.983131
0.676269
0.0417381
0.252658
0.884507
0.901719
0.451571
0.271838
0.333981
0.344582
0.895127
0.840986
0.474462
0.51753
0.547744
0.0920531
0.616986
0.748766
0.951183
0.696716
0.471824
0.771067
0.861672
0.229603
0.320385
0.851066
0.678799
0.873928
0.323326
0.845066
0.652211
0.454178
0.638598
0.628949
0.560764
0.837843
0.786125
0.709543
0.624538
0.448181
0.71612
0.402902
0.797586
0.38397
0.827493
0.478712
0.844772
0.190187
0.734095
0.27614
0.327307
0.633419
0.296349
0.83501
0.225141
0.20355
0.138073
0.74417
0.442131
0.892541
0.0117266
0.80919
0.496098
0.323575
0.106455
0.678353
0.499054
0.645817
0.620702
0.228034
0.391506
0.713824
0.985459
0.137103
0.895055
0.482837
0.8698
0.637459
0.928873
0.208902
0.454217
0.674462
0.630411
0.671307
0.328644
0.723193
0.950323
0.433048
0.949171
0.679465
0.731768
0.426531
0.0849657
0.204009
0.0438628
0.436771
0.982773
0.73199
0.477735
0.026358
0.480593
0.51782
0.573296
0.528159
0.190291
0.231514
0.155416
0.411854
0.541999
0.810684
0.718705
0.437842
0.84751
0.251092
0.309982
0.838097
0.94248
0.689935
0.943981
0.353154
0.452514
0.0744842
0.599961
0.817316
0.379994
0.203957
0.708006
0.126129
0.0865626
0.1147
0.805388
0.460152
0.97013
0.20349
0.694394
0.401179
0.632513
0.756734
0.411971
0.203802
0.221925
0.841309
0.114975
0.994928
0.368614
0.437502
0.831463
0.0124549
0.701361
0.467605
0.288343
0.543191
0.26734
0.863754
0.582877
0.39828
0.424318
0.643718
0.324801
0.92638
0.677287
0.20906
0.783002
0.655536
0.170995
0.0211925
0.907735
0.797416
0.435313
0.00945344
0.0525306
0.25937
0.499879
0.507676
0.972241
0.408998
0.811101
0.462773
0.783195
0.324283
0.945558
0.941827
0.413969
0.612449
0.649633
0.933055
0.532495
0.345572
0.68061
0.583639
0.267374
0.991484
0.697135
0.953294
0.00134266
0.319238
0.87107
0.304623
0.523935
0.952273
0.67958
0.210926
0.778769
0.465593
0.287816
0.275056
0.763539
0.602643
0.285811
0.746495
0.857984
0.911317
0.429428
0.142796
0.281718
0.299118
0.991194
0.466295
0.0193824
0.362108
0.768785
0.148352
0.749329
0.899671
0.711959
0.214583
0.417117
0.735477
0.145524
0.0544367
0.858632
0.832487
0.903845
0.120663
0.192851
0.13058
0.31331
0.970597
0.267976
0.511683
0.932068
0.0160678
0.451731
0.658918
0.971758
0.39599
0.468062
0.660505
0.350573
0.347269
0.531579
0.101929
0.261787
0.0575661
0.980354
0.558121
0.645368
0.318728
0.42431
0.502944
0.349848
0.452324
0.134833
0.21727
0.848234
0.405577
0.200336
0.994127
0.461533
0.324184
0.519295
0.564703
0.442152
0.614294
0.657783
0.124877
0.760607
0.00323941
0.712712
0.255496
0.0552373
0.145969
0.446929
0.398976
0.762434
0.662144
0.0869542
0.756055
0.694776
0.417902
0.128117
0.444491
0.0451269
0.11697
0.323393
0.67236
0.0350971
0.134895
0.938895
0.318726
0.67259
0.606084
0.0021379
0.927854
0.731641
0.852961
0.222674
0.996224
0.589368
0.891009
0.142942
0.354652
0.490396
0.366408
0.933938
0.33837
0.412222
0.203023
0.596464
0.269428
0.466411
0.392852
0.3127
0.262168
0.813772
0.773177
0.59744
0.654655
0.847235
0.540658
0.709697
0.33166
0.164475
0.251319
0.900772
0.441575
0.977868
0.966898
0.725243
0.243419
0.684215
0.565735
0.633551
0.0335974
0.158944
0.625184
0.128845
0.749518
0.834537
0.778363
0.466685
0.578528
0.817496
0.432225
0.821373
0.414261
0.435347
0.278226
0.594268
0.254922
0.620243
0.690896
0.496602
0.672776
0.746421
0.369361
0.132192
0.705372
0.224734
0.307422
0.0832264
0.70036
0.819934
0.532403
0.364656
0.0140456
0.180447
0.999214
0.127771
0.0135475
0.216949
0.0175441
0.113405
0.0343369
0.217051
0.27268
0.00778961
0.667822
0.960049
0.13396
0.461784
0.0293757
0.808614
0.0391574
0.065827
0.166752
0.0583202
0.975345
0.636789
0.647576
0.0770545
0.369274
0.655951
0.109598
0.0723416
0.946263
0.453086
0.998045
0.045731
0.437155
0.656371
0.266295
0.536891
0.339181
0.943574
0.417148
0.89213
0.459873
0.666638
0.000815617
0.284535
0.618076
0.797501
0.527572
0.882121
0.376937
0.464806
0.972501
0.411382
0.262996
0.836792
0.00163666
0.821224
0.969048
0.820078
0.513896
0.265887
0.304168
0.397235
0.756157
0.0787273
0.297854
0.621766
0.277808
0.0531486
0.16948
0.336336
0.782438
0.0709208
0.425313
0.557943
0.417163
0.186406
0.766469
0.319364
0.670298
0.237466
0.24814
0.512553
0.104318
0.906225
0.409887
0.782658
0.899762
0.228508
0.937637
0.534198
0.760001
0.0536375
0.425356
0.217321
0.112669
0.569786
0.521607
0.135793
0.311507
0.637037
0.337124
0.403891
0.947498
0.760425
0.585452
0.091509
0.369479
0.756666
0.22897
0.0677511
0.186841
0.000860466
0.445999
0.295279
0.787333
0.246254
0.532714
0.512432
0.504065
0.314737
0.258394
0.134323
0.795997
0.644929
0.151285
0.145273
0.93625
0.0365304
0.0398745
0.379256
0.163066
0.227516
0.525123
0.147641
0.793082
0.257864
0.536987
0.702105
0.542447
0.236128
0.780408
0.461855
0.403663
0.111299
0.700544
0.348557
0.106772
0.600893
0.941791
0.600618
0.980094
0.29421
0.414561
0.523816
0.847053
0.264076
0.525701
0.494761
0.369336
0.0436167
0.863471
0.259568
0.332388
0.157018
0.693988
0.537022
0.284316
0.702709
0.894192
0.463511
0.1675
0.74886
0.852309
0.225758
0.679166
0.704748
0.357286
0.259217
0.314703
0.662073
0.990458
0.328902
0.613263
0.230311
0.0689078
0.473625
0.920328
0.765709
0.134455
0.240926
0.744171
0.000165519
0.0477582
0.245433
0.959927
0.137621
0.562856
0.243605
0.531459
0.378495
0.579452
0.60356
0.812249
0.993604
0.0675819
0.0728347
0.645197
0.734745
0.917113
0.263528
0.183783
0.607198
0.533244
0.419442
0.333576
0.976309
0.114809
0.607261
0.353872
0.640316
0.340602
0.72977
0.400655
0.820446
0.558768
0.872066
0.138164
0.874993
0.256685
0.638566
0.381438
0.327352
0.00541478
0.409621
0.147485
0.277255
0.00614547
0.590368
0.441983
0.934566
0.49884
0.00302909
0.258558
0.154443
0.273389
0.639048
0.579817
0.422024
0.917826
0.573319
0.357873
0.126634
0.308125
0.638561
0.631382
0.533295
0.786457
0.902981
0.12737
0.397461
0.726564
0.378422
0.00786194
0.537429
0.267552
0.383505
0.626711
0.258641
0.176985
0.565964
0.771711
0.0517483
0.247406
0.471931
0.666258
0.0185467
0.952872
0.686557
0.853703
0.55072
0.349308
0.263373
0.438859
0.0932012
0.590587
0.136502
0.387757
0.644355
0.349699
0.637905
0.660906
0.194928
0.239358
0.608845
0.377843
0.892353
0.795456
0.386761
0.344202
0.353738
0.680805
0.399094
0.90231
0.308545
0.825034
0.947622
0.38373
0.170907
0.552576
0.923666
0.303379
0.882404
0.738463
0.849537
0.468282
0.240339
0.46113
0.365266
0.21575
0.282147
0.947738
0.489323
0.931728
0.982467
0.311137
0.998653
0.234299
0.766043
0.720329
0.584794
0.087507
0.0766495
0.727582
0.298373
0.327684
0.423341
0.634512
0.937231
0.425948
0.86824
0.296814
0.202287
0.419232
0.980695
0.343045
0.0954591
0.149655
0.0039308
0.945407
0.059228
0.87086
0.0625793
0.840086
0.496376
0.558945
0.969024
0.32585
0.91316
0.669339
0.175093
0.0341144
0.74324
0.359473
0.827001
0.561844
0.784589
0.894435
0.563091
0.159831
0.79264
0.157743
0.684913
0.428302
0.169436
0.523622
0.472369
0.584369
0.258986
0.444154
0.582274
0.570315
0.258712
0.614556
0.602613
0.219708
0.153917
0.262305
0.534824
0.781191
0.306942
0.0688948
0.739868
0.348421
0.573129
0.7675
0.282265
0.282116
0.528268
0.00988336
0.347596
0.683673
0.218141
0.328003
0.306884
0.540572
0.94734
0.595934
0.447978
0.84637
0.43328
0.589608
0.644534
0.759738
0.0493158
0.945299
0.406735
0.853685
0.315388
0.272279
0.517662
0.164732
0.378634
0.599792
0.540367
0.141741
0.0179004
0.684775
0.282036
0.275534
0.935693
0.9846
0.10704
0.316446
0.567995
0.938418
0.781363
0.576425
0.261915
0.204474
0.779818
0.414654
0.138382
0.724258
0.553426
0.367675
0.694641
0.727154
0.248347
0.348966
0.757494
0.380472
0.475212
0.729461
0.0282863
0.0898486
0.151864
0.802954
0.0760795
0.520479
0.647417
0.0325603
0.819514
0.19547
0.928689
0.453128
0.754917
0.322427
0.737404
0.736056
0.972566
0.780038
0.528058
0.443372
0.534228
0.051258
0.567567
0.453265
0.340559
0.976637
0.381617
0.699709
0.457411
0.281927
0.369282
0.086955
0.290603
0.809964
0.102233
0.416133
0.355604
0.16314
0.681131
0.0391413
0.334972
0.531059
0.700971
0.0890783
0.514706
0.708213
0.235327
0.802431
0.16185
0.107193
0.363081
0.399027
0.0445997
0.473953
0.285574
0.368335
0.151543
0.258571
0.480938
0.426106
0.381719
0.0776791
0.10515
0.533001
0.985134
0.310264
0.240389
0.433119
0.942689
0.667102
0.682198
0.301856
0.59564
0.822746
0.775557
0.605597
0.934872
0.775511
0.811915
0.279229
0.303795
0.967321
0.248671
0.740761
0.709682
0.796829
0.810784
0.0246408
0.450457
0.249266
0.999577
0.441567
0.517912
0.708478
0.445138
0.200452
0.845548
0.328251
0.310227
0.672641
0.14241
0.10033
0.777061
0.157562
0.652026
0.924787
0.867773
0.676201
0.996833
0.655345
0.0907544
0.0327746
0.551321
0.323325
0.364432
0.948829
0.872063
0.0431853
0.0916779
0.977299
0.181676
0.727896
0.120899
0.485649
0.0752096
0.0318518
0.478825
0.540741
0.209252
0.18563
0.862548
0.451826
0.619681
0.147297
0.460997
0.133036
0.0648969
0.82979
0.771344
0.153096
0.295713
0.199446
0.55715
0.806474
0.484036
0.541755
0.103859
0.276194
0.369867
0.225483
0.506658
0.149103
0.204536
0.073293
0.459907
0.885374
0.772775
0.135927
0.585673
0.879874
0.28768
0.19547
0.727094
0.181578
0.219748
0.394891
0.400429
0.465751
0.0184786
0.755517
0.62216
0.499952
0.923153
0.408374
0.473151
0.91331
0.220941
0.967806
0.506278
0.186349
0.607845
0.99227
0.232896
0.178497
0.263522
0.324304
0.229684
0.583184
0.920263
0.601486
0.295897
0.97833
0.342353
0.785491
0.588735
0.354155
0.898248
0.192602
0.32567
0.303482
0.568993
0.125729
0.464304
0.135376
0.339689
0.65676
0.305508
0.0248018
0.408127
0.442988
0.573243
0.116717
0.333861
0.498887
0.211211
0.880593
0.286801
0.772021
0.686114
0.00459135
0.614639
0.0982015
0.106367
0.65673
0.23321
0.77778
0.301455
0.784417
0.745897
0.852538
0.60029
0.151049
0.100674
0.52027
0.189462
0.806078
0.909523
0.362155
0.598844
0.481423
0.938184
0.819232
0.236322
0.852021
0.934918
0.813741
0.455185
0.95492
0.00417747
0.0944536
0.0504455
0.18911
0.275786
0.848061
0.4056
0.0363525
0.847642
0.884875
0.398791
0.397421
0.26226
0.255241
0.979248
0.744392
0.135589
0.290354
0.162636
0.769343
0.897428
0.678005
0.157133
0.774876
0.339308
0.0280299
0.556742
0.859012
0.573355
0.0388893
0.505823
0.894787
0.344342
0.29492
0.456215
0.390778
0.55625
0.0165764
0.493103
0.23399
0.714037
0.739951
0.201348
0.781975
0.311127
0.380925
0.475962
0.637286
0.278855
0.719241
0.0542784
0.475225
0.322509
0.342084
0.282462
0.142469
0.988079
0.108342
0.457983
0.123381
0.511317
0.848013
0.295556
0.150707
0.158704
0.903798
0.404094
0.638996
0.940384
0.489322
0.698497
0.193648
0.979359
0.507099
0.83223
0.629931
0.869038
0.918486
0.624998
0.897028
0.121217
0.368489
0.114224
0.0985653
0.175728
0.124418
0.4894
0.444393
0.302195
0.677989
0.6915
0.577777
0.204348
0.17366
0.270533
0.457283
0.232782
0.0390124
0.69684
0.353586
0.554008
0.0195052
0.857943
0.705599
0.913802
0.0586559
0.822124
0.0299947
0.33503
0.341558
0.539788
0.834994
0.461601
0.334187
0.727907
0.0230046
0.957452
0.901071
0.476606
0.815763
0.651515
0.418706
0.828354
0.866418
0.479934
0.793955
0.78827
0.396328
0.255835
0.582627
0.318709
0.335909
0.392358
0.592259
0.52933
0.708537
0.724462
0.460416
0.7811
0.0164943
0.213093
0.0369155
0.157654
0.701264
0.848902
0.913867
0.682135
0.513593
0.237374
0.021841
0.666264
0.738975
0.372969
0.795519
0.489906
0.0694297
0.531808
0.146862
0.188553
0.0551468
0.409495
0.128397
0.557638
0.202008
0.286129
0.848995
0.0428823
0.49268
0.783094
0.670585
0.413605
0.721066
0.00746111
0.0920174
0.343775
0.851543
0.763648
0.508168
0.97851
0.917041
0.13328
0.52399
0.917575
0.102884
0.402226
0.964472
0.204444
0.986556
0.434813
0.909071
0.469017
0.725706
0.362144
0.460834
0.424022
0.861575
0.564817
0.620352
0.901318
0.713804
0.0701852
0.319577
0.183987
0.942506
0.896015
0.0667647
0.0313571
0.327629
0.500335
0.520607
0.824283
0.848944
0.0283321
0.533773
0.829353
0.387372
0.639498
0.100989
0.325844
0.426933
0.0488619
0.451819
0.322571
0.655259
0.521595
0.0458965
0.183681
0.0506521
0.272599
0.544212
0.550217
0.0346207
0.187698
0.0321302
0.340997
0.397643
0.0528266
0.414846
0.889778
0.525605
0.0254696
0.728499
0.83825
0.830633
0.749046
0.376095
0.623563
0.716486
0.383157
0.756925
0.213908
0.974312
0.151493
0.507169
0.405005
0.0689662
0.15438
0.0180942
0.0845022
0.00450968
0.300946
0.122359
0.584559
0.63332
0.225368
0.578512
0.0548563
0.968467
0.772135
0.499309
0.12503
0.180199
0.210692
0.884375
0.22985
0.602255
0.711717
0.807922
0.150237
0.843814
0.76762
0.194917
0.835859
0.223382
0.455587
0.123565
0.703689
0.735723
0.705453
0.783387
0.373923
0.765552
0.831595
0.168395
0.614641
0.64713
0.662621
0.280416
0.334441
0.215833
0.279049
0.131021
0.873908
0.236225
0.876344
0.708158
0.90693
0.819381
0.669887
0.975376
0.498306
0.254082
0.65917
0.172651
0.836478
0.787913
0.855766
0.984155
0.0732634
0.691696
0.671772
0.567094
0.933395
0.691856
0.246348
0.71849
0.343672
0.887608
0.153146
0.271186
0.0244707
0.610289
0.110064
0.172719
0.0127826
0.243904
0.221041
0.679611
0.469484
0.65043
0.0640391
0.977831
0.423902
0.37945
0.840026
0.485049
0.45774
0.562366
0.0652141
0.785914
0.0358197
0.925991
0.779352
0.9953
0.512043
0.941651
0.447173
0.151289
0.268398
0.672963
0.0463178
0.260819
0.925496
0.377767
0.769707
0.556837
0.787638
0.226245
0.280523
0.120334
0.240167
0.467938
0.528627
0.846659
0.0645108
0.563898
0.669612
0.527143
0.118821
0.494541
0.290557
0.653421
0.861255
0.567359
0.402577
0.379708
0.0277906
0.892213
0.75925
0.961644
0.671337
0.495635
0.094167
0.0719289
0.30902
0.442924
0.878326
0.379243
0.0523745
0.40749
0.585704
0.374475
0.0696884
0.43302
0.660328
0.576277
0.992414
0.066305
0.00558421
0.195594
0.947128
0.366225
0.803294
0.28347
0.240434
0.22569
0.68768
0.483576
0.549892
0.0502027
0.348101
0.560483
0.994979
0.812375
0.0857858
0.69522
0.666791
0.833801
0.471355
0.569923
0.144283
0.138054
0.936736
0.597443
0.814564
0.527397
0.683024
0.53662
0.56239
0.534246
0.952916
0.324232
0.88036
0.760439
0.157786
0.0233329
0.176438
0.0552805
0.452781
0.0697263
0.444629
0.847711
0.314668
0.779655
0.82032
0.332621
0.53059
0.568167
0.0484125
0.317761
0.616121
0.499495
0.278367
0.197995
0.601781
0.455057
0.436636
0.871932
0.790155
0.727306
0.194279
0.807324
0.0284126
0.982092
0.702089
0.308903
0.602936
0.896509
0.415841
0.531269
0.444359
0.787903
0.829971
0.689329
0.498682
0.644125
0.747021
0.273808
0.78296
0.214444
0.853564
0.622423
0.972675
0.655666
0.276642
0.330374
0.827969
0.961644
0.856353
0.676161
0.973431
0.989849
0.207829
0.435315
0.00518872
0.150751
0.880963
0.451305
0.563263
0.106904
0.934068
0.503577
0.282255
0.0714834
0.138178
0.361836
0.321393
0.624436
0.787616
0.752241
0.338039
0.591348
0.629149
0.860942
0.991278
0.352585
0.726614
0.899768
0.891818
0.193333
0.638604
0.799356
0.88307
0.0828756
0.899722
0.488114
0.282467
0.19963
0.401293
0.529109
0.218805
0.205926
0.836292
0.0680725
0.878123
0.701401
0.299277
0.42692
0.619816
0.790201
0.35041
0.548495
0.79024
0.86543
0.885794
0.79834
0.0854149
0.779676
0.746641
0.244812
0.940056
0.43376
0.163929
0.694315
0.463447
0.445483
0.887481
0.397001
0.833027
0.666549
0.408544
0.675453
0.446318
0.111262
0.427491
0.470905
0.391584
0.387876
0.83018
0.584026
0.447309
0.660766
0.524666
0.587078
0.502039
0.771847
0.248171
0.790468
0.478085
0.89752
0.348433
0.250068
0.583423
0.323422
0.408357
0.50909
0.53294
0.352362
0.690906
0.897987
0.151068
0.661098
0.0287561
0.540328
0.0547373
0.608891
0.0038183
0.439706
0.0974183
0.78681
0.602077
0.122694
0.918568
0.214183
0.924987
0.836088
0.866204
0.63168
0.416629
0.510685
0.324782
0.433108
0.704998
0.906801
0.16803
0.140413
0.0824414
0.481051
0.0605228
0.975386
0.0825871
0.593038
0.519328
0.90667
0.451803
0.362587
0.20835
0.48035
0.838388
0.348422
0.917325
0.0299348
0.742681
0.533767
0.246351
0.893625
0.691039
0.638756
0.274088
0.46786
0.209102
0.267003
0.4958
0.696293
0.623975
0.718844
0.755951
0.551288
0.0220874
0.231496
0.619396
0.540547
0.233096
0.756603
0.914291
0.481664
0.11887
0.35912
0.386043
0.755489
0.0503805
0.0208203
0.239082
0.399874
0.229829
0.417882
0.13843
0.302444
0.465837
0.479156
0.801012
0.30088
0.830268
0.92579
0.760131
0.703416
0.749829
0.0366435
0.0567969
0.891869
0.890505
0.624319
0.498441
0.319358
0.823021
0.587446
0.731834
0.866233
0.427069
0.855257
0.886898
0.765508
0.73008
0.0694371
0.318466
0.218009
0.645921
0.0446057
0.11161
0.657574
0.0441981
0.550494
0.268845
0.669656
0.945308
0.74379
0.41666
0.920128
0.475644
0.39168
0.716752
0.324765
0.0882924
0.301874
0.285125
0.278982
0.799022
0.156779
0.0311186
0.156764
0.573884
0.144808
0.343981
0.121002
0.476809
0.545184
0.947851
0.421477
0.678041
0.597636
0.0397387
0.168942
0.210425
0.565362
0.663624
0.739816
0.361413
0.986881
0.469125
0.59463
0.987081
0.707515
0.731584
0.80966
0.397809
0.516496
0.882163
0.197734
0.54377
0.555963
0.254566
0.797003
0.373397
0.346455
0.414142
0.614507
0.0330438
0.699547
0.677703
0.802043
0.34797
0.527803
0.951274
0.502686
0.111624
0.854105
0.902819
0.0935116
0.377752
0.626375
0.313184
0.444747
0.408827
0.320874
0.978797
0.67828
0.938036
0.0989165
0.281233
0.606811
0.227937
0.169823
0.737508
0.716525
0.273884
0.167807
0.454362
0.269046
0.197697
0.377197
0.722489
0.981469
0.196482
0.691009
0.988565
0.087376
0.594036
0.883154
0.184997
0.569082
0.416074
0.696274
0.761757
0.55838
0.777253
0.519504
0.66412
0.449098
0.0631937
0.16233
0.254492
0.533989
0.964928
0.363375
0.707725
0.441146
0.302797
0.722378
0.774927
0.14402
0.819029
0.438422
0.748649
0.143546
0.833766
0.450872
0.482589
0.963685
0.103473
0.0536315
0.305778
0.890468
0.300016
0.632352
0.00703043
0.375446
0.490993
0.825696
0.155125
0.142317
0.150843
0.0697265
0.387998
0.896833
0.472199
0.776348
0.543428
0.551711
0.417732
0.379227
0.491427
0.994246
0.44095
0.940259
0.0257225
0.477842
0.769098
0.75528
0.406162
0.625839
0.675215
0.860841
0.652361
0.57222
0.85466
0.210812
0.852469
0.599297
0.213699
0.121916
0.987756
0.0598986
0.944302
0.596591
0.357051
0.0899953
0.722499
0.292581
0.00282178
0.40794
0.966388
0.209457
0.127964
0.0758741
0.0419377
0.401872
0.946628
0.0142356
0.475176
0.0755004
0.989851
0.336722
0.646698
0.443216
0.357841
0.0623204
0.159661
0.95135
0.623198
0.169116
0.764661
0.967888
0.225307
0.789838
0.148353
0.423839
0.587944
0.66772
0.751772
0.834463
0.762356
0.145899
0.0396544
0.570836
0.118548
0.90595
0.240311
0.779593
0.353963
0.243942
0.789843
0.04356
0.581864
0.975996
0.796567
0.570071
0.741865
0.105825
0.323115
0.751895
0.511745
0.0228046
0.108166
0.0762898
0.523271
0.873483
0.306316
0.172208
0.410839
0.951001
0.645218
0.172426
0.120015
0.182304
0.381162
0.174959
0.411578
0.748903
0.0989023
0.325871
0.309631
0.531933
0.529588
0.378058
0.446022
0.394429
0.613828
0.990342
0.56164
0.756582
0.186061
0.646362
0.937847
0.0691046
0.403816
0.936818
0.108478
0.948262
0.0816393
0.908976
0.591019
0.0357312
0.585099
0.627338
0.698193
0.405532
0.974237
0.404529
0.550309
0.121377
0.0839615
0.412288
0.160953
0.193153
0.95228
0.404855
0.0246457
0.763272
0.18026
0.84684
0.180329
0.386362
0.883406
0.165682
0.675589
0.168682
0.416689
0.438912
0.0976044
0.848698
0.581894
0.875567
0.317015
0.994176
0.740899
0.915185
0.826391
0.662038
0.465283
0.58956
0.414717
0.235479
0.991252
0.108608
0.833679
0.901221
0.112978
0.231609
0.428437
0.611895
0.502178
0.00793005
0.690028
0.202038
0.48651
0.394045
0.399086
0.308508
0.0207101
0.107005
0.341719
0.594841
0.332425
0.623665
0.794644
0.347825
0.255815
0.220166
0.986339
0.696738
0.0910999
0.130207
0.448298
0.00928113
0.867981
0.861856
0.555789
0.566445
0.057857
0.063495
0.300993
0.518353
0.329244
0.166957
0.731605
0.5901
0.929965
0.639178
0.865936
0.878005
0.601356
0.851079
0.0297393
0.183627
0.361271
0.417519
0.167792
0.855985
0.535703
0.109507
0.25127
0.170101
0.125415
0.792898
0.545622
0.538527
0.900465
0.197116
0.983175
0.195285
0.325081
0.307178
0.339293
0.258681
0.578605
0.124695
0.346476
0.212803
0.300426
0.565936
0.312479
0.151991
0.577094
0.887535
0.422854
0.942847
0.887672
0.317665
0.201905
0.199949
0.138875
0.644876
0.282845
0.862207
0.406911
0.783128
0.850409
0.660143
0.793087
0.366132
0.866741
0.240126
0.955944
0.0929212
0.111817
0.416835
0.944393
0.158224
0.373986
0.221924
0.965848
0.721164
0.0835751
0.530033
0.727816
0.471824
0.851791
0.961891
0.000129151
0.346307
0.27753
0.0921509
0.793574
0.454805
0.739377
0.100919
0.182328
0.383757
0.0168972
0.944933
0.603696
0.237365
0.727728
0.840856
0.871194
0.286681
0.189681
0.877769
0.0821275
0.677459
0.646965
0.322307
0.926447
0.178216
0.588147
0.851246
0.772934
0.884049
0.953332
0.598906
0.940902
0.757321
0.645637
0.173583
0.736685
0.0406819
0.270952
0.723749
0.0596294
0.989144
0.920464
0.747399
0.724967
0.568709
0.576558
0.397232
0.24332
0.636316
0.882482
0.998877
0.0780657
0.635415
0.615617
0.977299
0.60733
0.220989
0.312521
0.380576
0.221447
0.558033
0.365203
0.41351
0.246571
0.564948
0.995318
0.752141
0.495452
0.411614
0.986979
0.151355
0.279717
0.614058
0.639339
0.997694
0.143276
0.819779
0.397041
0.605719
0.628719
0.0168166
0.694813
0.557231
0.130251
0.999211
0.178362
0.448553
0.502891
0.520468
0.460577
0.600386
0.725417
0.168381
0.265961
0.354553
0.273784
0.871276
0.332097
0.984796
0.184402
0.404432
0.98466
0.362155
0.326979
0.0393188
0.699612
0.503468
0.473229
0.0690629
0.368469
0.51069
0.953789
0.322435
0.211962
0.925367
0.759138
0.219248
0.911936
0.479997
0.858724
0.312895
0.688156
0.943286
0.0767938
0.280566
0.658949
0.485093
0.705344
0.709644
0.855253
0.248817
0.997069
0.388512
0.178962
0.377658
0.152928
0.131508
0.0985152
0.149314
0.459707
0.710186
0.359243
0.0345978
0.212112
0.858919
0.591962
0.810464
0.33843
0.479755
0.923191
0.799654
0.882455
0.262847
0.170522
0.0515171
0.514239
0.840991
0.114275
0.909813
0.189693
0.340854
0.617912
0.951534
0.539346
0.725449
0.215816
0.0382751
0.608882
0.0455263
0.421169
0.465936
0.910078
0.727735
0.994843
0.96219
0.50044
0.578051
0.0430903
0.573709
0.825969
0.479461
0.534193
0.540878
0.578458
0.524751
0.745148
0.701726
0.979921
0.35483
0.514958
0.992526
0.805337
0.0356878
0.0117377
0.407774
0.566741
0.0759349
0.378828
0.60407
0.834984
0.661883
0.210437
0.7278
0.853704
0.664275
0.288047
0.391432
0.888375
0.701537
0.524112
0.782898
0.724196
0.778674
0.878695
0.599982
0.660967
0.222123
0.690403
0.709454
0.547728
0.435282
0.599035
0.789692
0.540543
0.570116
0.696522
0.368766
0.240897
0.390578
0.0212291
0.909383
0.818296
0.37241
0.895207
0.374799
0.449445
0.716889
0.626104
0.515659
0.0460963
0.693577
0.734401
0.277593
0.713271
0.488559
0.126439
0.642122
0.128289
0.637393
0.506558
0.249184
0.317863
0.991084
0.931339
0.0992496
0.346874
0.696162
0.790404
0.842696
0.475156
0.598791
0.971238
0.526247
0.894696
0.434166
0.919227
0.268615
0.657997
0.393304
0.842654
0.824646
0.40274
0.583792
0.681236
0.393707
0.0317438
0.95987
0.680763
0.308598
0.817777
0.631692
0.845677
0.152162
0.897785
0.999259
0.835819
0.40781
0.513434
0.874751
0.397965
0.709547
0.807273
0.798314
0.576345
0.349736
0.85258
0.515083
0.914202
0.598639
0.475022
0.777731
0.808925
0.510842
0.583528
0.628022
0.0718642
0.390864
0.577266
0.822766
0.850484
0.512656
0.364548
0.383632
0.00798157
0.49377
0.85636
0.230102
0.377854
0.607744
0.457891
0.877062
0.830683
0.459232
0.108641
0.0240839
0.0809408
0.0660712
0.443259
0.655323
0.757112
0.122358
0.766835
0.820519
0.230592
0.103325
0.120562
0.556346
0.367455
0.279223
0.914945
0.61649
0.376332
0.0850999
0.966535
0.558816
0.394061
0.357074
0.726056
0.222985
0.11753
0.752549
0.25275
0.235415
0.290496
0.788388
0.0363813
0.143362
0.826825
0.184471
0.541475
0.691132
0.432539
0.983101
0.06598
0.384616
0.95542
0.420071
0.312507
0.542808
0.666351
0.161351
0.373708
0.175772
0.142483
0.658297
0.7522
0.524732
0.0158475
0.650598
0.58571
0.0235838
0.648657
0.468747
0.907591
0.0820415
0.00671902
0.904258
0.779243
0.828478
0.903777
0.348874
0.245771
0.315309
0.406626
0.911087
0.872553
0.0908052
0.474398
0.450644
0.442391
0.209452
0.912409
0.16965
0.87889
0.531916
0.872028
0.728585
0.101008
0.0402438
0.773268
0.495586
0.324568
0.570244
0.490903
0.0946882
0.518074
0.700494
0.0346969
0.817729
0.107503
0.653277
0.648214
0.818235
0.974835
0.052834
0.285656
0.621985
0.335983
0.95298
0.733233
0.327946
0.967324
0.822674
0.645136
0.415209
0.953703
0.749919
0.905792
0.00607523
0.269666
0.0265506
0.388517
0.527438
0.0695618
0.35124
0.531486
0.65813
0.610739
0.60513
0.217354
0.0616562
0.539817
0.197839
0.39843
0.273004
0.600848
0.925443
0.64976
0.749414
0.370812
0.557035
0.192631
0.981865
0.165113
0.625673
0.0157499
0.451164
0.292216
0.8204
0.738176
0.311473
0.836263
0.290273
0.859366
0.763986
0.0291251
0.779686
0.447357
0.1881
0.150646
0.591605
0.746242
0.490568
0.802896
0.508646
0.377596
0.375666
0.104413
0.0215323
0.944993
0.667512
0.227997
0.310461
0.953771
0.60051
0.265927
0.864437
0.464075
0.93819
0.0776401
0.513163
0.801912
0.023127
0.586744
0.0143504
0.751129
0.325292
0.899837
0.695872
0.620859
0.841269
0.0603357
0.450376
0.831418
0.307823
0.765561
0.782427
0.423853
0.532029
0.920426
0.82841
0.260236
0.121793
0.407836
0.581437
0.524662
0.715573
0.299453
0.913492
0.663471
0.539006
0.941302
0.0145038
0.883191
0.00305307
0.795042
0.831797
0.0075735
0.927988
0.522257
0.560534
0.571194
0.58511
0.638013
0.224632
0.802718
0.337849
0.0524381
0.796503
0.846213
0.172286
0.828997
0.304293
0.756742
0.664105
0.134009
0.562069
0.848681
0.100398
0.0528681
0.527457
0.797656
0.971979
0.970285
0.985812
0.375234
0.428385
0.317043
0.446574
0.053214
0.233083
0.0220794
0.821671
0.158035
0.283495
0.182065
0.87102
0.142187
0.216105
0.761997
0.150987
0.150202
0.66251
0.175396
0.426522
0.417092
0.135288
0.18021
0.814894
0.491668
0.52673
0.765933
0.47841
0.841379
0.545064
0.130748
0.154006
0.282905
0.72734
0.939539
0.998648
0.0689714
0.91211
0.0839198
0.857344
0.270814
0.465051
0.11865
0.284966
0.349524
0.313859
0.846872
0.186702
0.861269
0.928082
0.150433
0.539213
0.892451
0.10888
0.429158
0.137323
0.444617
0.327315
0.666649
0.135329
0.549351
0.506895
0.959996
0.0124544
0.848338
0.868126
0.460688
0.411118
0.353377
0.916404
0.916311
0.937267
0.147548
0.35468
0.947661
0.618984
0.512544
0.362738
0.790848
0.994516
0.589159
0.170825
0.917821
0.535694
0.525675
0.745651
0.45908
0.916478
0.454296
0.269505
0.249647
0.657455
0.121433
0.791543
0.259072
0.788837
0.442052
0.0988956
0.383738
0.32411
0.960712
0.541118
0.779504
0.287183
0.640008
0.0322582
0.912542
0.00260187
0.846336
0.0398941
0.0603907
0.63544
0.605946
0.693972
0.0939522
0.75388
0.27488
0.978264
0.516931
0.774847
0.270795
0.954833
0.127586
0.0797363
0.981226
0.102797
0.0348206
0.421929
0.515164
0.870752
0.759876
0.230089
0.975658
0.0574039
0.731495
0.799526
0.590089
0.268204
0.359973
0.329034
0.00802829
0.633358
0.135789
0.195431
0.125357
0.409282
0.935184
0.156264
0.427011
0.426513
0.786809
0.564942
0.2989
0.944418
0.923609
0.627603
0.591769
0.859624
0.367525
0.214671
0.669913
0.725512
0.462718
0.911612
0.72992
0.863128
0.393283
0.382456
0.840875
0.932949
0.163384
0.0936213
0.63939
0.338937
0.75134
0.0491715
0.664998
0.420546
0.881827
0.105885
0.403305
0.441854
0.939441
0.803589
0.543429
0.13594
0.0507761
0.902798
0.0417201
0.924288
0.217175
0.626234
0.510102
0.912449
0.249494
0.862488
0.384156
0.473976
0.0141661
0.658394
0.388862
0.384771
0.07576
0.184115
0.475847
0.500471
0.568421
0.212312
0.321271
0.69547
0.587224
0.040005
0.00349357
0.0164159
0.190735
0.223804
0.0980629
0.211697
0.937015
0.437947
0.766032
0.655744
0.79644
0.138537
0.393254
0.356499
0.732885
0.0514321
0.475995
0.315816
0.594016
0.132088
0.695811
0.992598
0.342208
0.220071
0.575693
0.368903
0.607105
0.604844
0.58734
0.601175
0.761447
0.100058
0.860582
0.441156
0.239507
0.174841
0.726079
0.972378
0.923929
0.573327
0.70905
0.455325
0.790039
0.923831
0.705029
0.00239234
0.808201
0.0428612
0.465218
0.0737801
0.106211
0.190091
0.893171
0.684933
0.40975
0.908748
0.664892
0.599669
0.270582
0.554212
0.445092
0.716016
0.092291
0.311602
0.262101
0.812654
0.365515
0.0145113
0.511465
0.0273588
0.373879
0.922254
0.0264774
0.540955
0.882166
0.647878
0.5337
0.231236
0.188238
0.063698
0.681127
0.0662999
0.597789
0.87922
0.341409
0.335498
0.338192
0.305798
0.989268
0.606403
0.532753
0.243935
0.994144
0.776182
0.227747
0.826064
0.83102
0.344
0.44097
0.674233
0.130682
0.17029
0.885992
0.814472
0.97085
0.998292
0.188883
0.892023
0.942334
0.115214
0.799406
0.620803
0.0486964
0.234716
0.342429
0.707515
0.114868
0.861407
0.985907
0.38533
0.257006
0.346613
0.989371
0.54489
0.813028
0.702742
0.589794
0.706166
0.481521
0.242534
0.359175
0.742236
0.778509
0.360897
0.746593
0.801162
0.585756
0.392592
0.471634
0.067136
0.329669
0.166088
0.196756
0.621702
0.744845
0.0901163
0.823024
0.914704
0.563183
0.745707
0.910567
0.914156
0.497683
0.274232
0.934236
0.108751
0.891716
0.276909
0.941708
0.730636
0.0928576
0.855518
0.0167666
0.180349
0.898369
0.436282
0.154689
0.575988
0.148901
0.583692
0.604403
0.416723
0.702179
0.178404
0.496517
0.848009
0.994385
0.490809
0.787023
0.735052
0.487698
0.259024
0.807086
0.548118
0.482689
0.384208
0.0736895
0.208826
0.362665
0.774626
0.00362247
0.291643
0.313761
0.308994
0.178783
0.327903
0.977542
0.497152
0.369296
0.00363453
0.505015
0.411009
0.631887
0.81296
0.788685
0.284252
0.0844762
0.222973
0.737482
0.653018
0.830126
0.115658
0.197126
0.64803
0.694129
0.599235
0.778172
0.696903
0.791352
0.873162
0.900919
0.677495
0.159793
0.482555
0.040127
0.356123
0.193442
0.157333
0.544354
0.664424
0.581818
0.0555452
0.602489
0.0910958
0.304857
0.399547
0.62031
0.725831
0.745709
0.766858
0.332628
0.224375
0.75858
0.928856
0.42328
0.302776
0.129556
0.844399
0.304807
0.943012
0.283503
0.552995
0.787779
0.421064
0.227313
0.254836
0.436818
0.182066
0.0820355
0.128559
0.87335
0.708666
0.476963
0.277734
0.348798
0.151747
0.380847
0.733586
0.820662
0.674847
0.827116
0.398401
0.639433
0.283693
0.596308
0.287038
0.667453
0.590106
0.401604
0.701157
0.638108
0.72588
0.431022
0.0256619
0.655677
0.506543
0.504383
0.956785
0.715055
0.900104
0.769378
0.202973
0.489989
0.315581
0.093741
0.563771
0.309835
0.568499
0.609523
0.316295
0.79037
0.172898
0.724605
0.316125
0.663751
0.829898
0.893253
0.820295
0.489683
0.579294
0.465431
0.612663
0.905228
0.482596
0.220375
0.506882
0.353399
0.530245
0.242042
0.0601519
0.0711764
0.997787
0.237982
0.0551662
0.461685
0.476723
0.071376
0.276489
0.927844
0.685273
0.980901
0.146049
0.150716
0.0478764
0.246787
0.732816
0.0238367
0.51974
0.838378
0.382614
0.411948
0.286496
0.197516
0.42373
0.875141
0.608124
0.133019
0.974549
0.174611
0.982981
0.716918
0.157964
0.572008
0.32198
0.396241
0.667553
0.196967
0.12052
0.789396
0.560885
0.71629
0.87735
0.0240298
0.480348
0.829671
0.872078
0.119613
0.436769
0.541652
0.424109
0.582391
0.899742
0.480254
0.777619
0.0462044
0.650255
0.694176
0.704998
0.975819
0.4081
0.596313
0.516925
0.360272
0.768097
0.833355
0.782753
0.672403
0.209094
0.271793
0.294073
0.589381
0.218717
0.748483
0.13899
0.981535
0.569109
0.4288
0.92318
0.460315
0.223995
0.594548
0.972703
0.155769
0.0482811
0.41816
0.380884
0.490961
0.569484
